11676
47120
15223
5241
15080
61897
6946
64942
23556
49214
4233
0072
12535
0811
8012
58458
14775
51539
64706
63179
59704
51575
0566
62462
12862
55018
57383
6950
2303
58401
62478
60685
11410
6445
0240
15323
5838
65054
7477
3141
2975
63277
57329
14300
10055
58169
65241
64039
2022
61709
49339
59527
3211
53719
5826
0009
1564
62196
64014
65493
11786
47109
5067
6861
15386
2621
6111
64132
22894
54920
3945
62349
3175
60094
9200
60179
14612
48915
64014
0729
64399
47108
61204
56010
15008
59572
60760
5483
5272
61602
4088
60449
5452
1491
65410
18928
8478
63312
5027
7307
4025
65065
47754
7775
4713
62768
62896
1507
60257
2980
49862
65500
59830
52496
62876
10459
64906
3788
58298
8187
12280
57608
60699
7098
5038
9655
4329
3201
14788
60486
1437
4666
60550
54902
65009
62687
13271
53041
57997
3171
1546
53041
60040
51586
8107
62116
64084
8812
5493
61408
9170
1357
5728
62280
58556
16255
11794
63957
2548
5731
4107
4670
47500
1689
61425
59806
62060
6441
55936
4007
49780
8259
60822
53800
51942
13074
62537
12727
55012
11849
9045
4271
58284
11860
56994
9745
64241
10890
7462
64160
58496
14640
58194
57752
52371
61057
6161
61582
53176
6058
63330
60942
63433
56819
65304
60574
60954
14438
7358
61236
7815
6505
10227
65140
53283
7731
9411
63698
3751
2927
0818
4990
53393
1639
58724
50719
58086
7718
58390
2976
49438
9392
2664
59713
49812
9155
57726
15257
58048
13320
5416
7894
59928
20169
52538
5001
54892
12341
4385
2403
49515
17478
57447
0441
48413
59228
59964
0043
50724
11801
58584
63869
65014
2661
64421
61287
52352
15101
8818
64467
4753
6638
10783
6494
55627
2288
2730
57494
4355
2731
64324
65120
56730
3270
0438
45225
53802
1178
62255
2228
53913
3457
8650
63475
59091
7141
55772
7148
62455
12302
7936
3213
60426
22869
59487
2160
50194
3593
1917
3495
47770
13896
55504
3371
54258
62261
53659
62061
47145
15943
59686
63674
62902
9413
3877
3027
48063
10490
5493
1182
4619
6057
5761
8620
60735
4709
0355
48822
64675
1743
65445
60815
55854
0114
9637
47746
56278
58584
61921
64039
62536
63663
12274
59828
4514
9566
63071
61532
64064
4792
15163
62775
61286
15286
2970
0989
57084
57958
64502
62096
52035
9114
56632
61950
61554
0914
59758
58122
43985
12014
64897
63601
63022
7614
6926
10741
53766
8016
0600
62312
4456
7495
1484
4719
60637
8605
5306
46611
57359
62281
64498
60793
55739
59882
11804
52269
64668
59002
60529
56855
1947
62221
16705
53834
7853
10755
9980
57860
0760
58190
18533
58087
65200
4378
6378
61113
4407
53572
0612
49964
54733
3518
63788
52045
65380
64331
6513
59797
48122
2707
2801
61098
3183
3326
6292
10331
62986
10804
2450
54554
0385
6703
1150
0978
56072
6151
10204
52209
56102
58319
58336
60639
57460
58534
8272
52947
3770
2793
63956
53735
65115
61238
19868
53748
4748
7935
15737
61832
6985
51621
14668
52773
2181
64796
5751
51583
10642
55113
8450
43879
53783
61102
5614
47090
2915
57055
13189
63511
60167
63808
4841
53815
8822
1712
6863
3185
0815
12407
11666
52031
61751
0775
0231
65431
53915
64803
8340
56946
60902
62309
52966
57740
56463
61989
5986
52772
64819
11511
4280
60815
61763
59946
16200
59303
0725
6628
10000
65214
11790
57083
9454
49227
62198
0083
4472
46234
5945
56042
14149
49924
54169
55670
5847
46717
6584
53956
11161
63437
4446
2872
10368
47667
8292
0789
9536
63756
63742
7147
18500
55855
63701
61095
61125
62882
55548
60771
3209
54709
63203
5986
55443
57148
52321
63956
6174
56894
57324
13685
4627
6881
63970
63416
7249
63790
61511
11291
0174
64360
7284
2391
7638
53903
51030
1671
0484
49802
62929
55886
9060
61263
57353
60555
1067
47609
6097
59554
6508
61988
3038
9503
17932
50916
4371
64331
8455
64561
61331
65045
15681
58223
3628
63740
57601
57606
55695
60665
1954
50121
58780
10567
62744
63076
52189
62492
4987
62800
54950
13242
64196
11467
3066
7338
2329
65310
53893
17032
60230
63491
61199
7150
5439
0646
44118
3621
57674
56481
57343
59846
62127
2409
57256
8645
65090
51662
64655
2648
3056
0325
59554
11018
19090
61682
3407
0333
1181
0861
60374
62986
7656
54754
3185
5864
60151
55707
52868
59611
4239
50259
53654
7289
0276
4507
60314
63100
3210
64183
57091
14803
60389
6220
3149
14220
6025
2544
47525
16502
59053
64706
53439
3666
63954
9539
45676
9037
51381
58727
54250
2290
53847
3645
50553
18964
3262
61603
58154
8127
64223
8693
53286
9560
10877
3353
4343
8965
59896
0611
56851
0518
2838
50916
59762
9122
64506
61164
52906
57100
4554
54060
54167
3454
62904
3930
4577
2946
6704
61785
58485
15638
64251
64369
65199
10099
11645
6817
49677
10871
58990
62983
55289
64230
56714
6329
49631
14939
55451
57389
52584
6740
55026
4723
44445
17586
6178
6218
60224
11739
59252
13236
53433
10272
1896
0971
0722
18256
59981
1670
51401
1645
2109
52619
50738
5517
62792
2199
59014
58690
2906
56091
57698
5351
61360
62352
7070
6903
15652
62514
59308
11879
5405
60729
65469
64190
11227
5851
59055
7051
61902
55068
61521
61513
57522
61170
50390
12830
2325
57387
56463
3757
60882
6037
48011
9152
5631
6340
2939
16141
59955
10222
55925
11146
1508
60010
58171
17973
63585
5632
51073
64312
1187
56749
49382
2196
56085
1224
65111
0084
5048
56846
58490
9852
0032
58049
3330
3515
21095
2292
63497
7278
8162
58459
5363
56683
6574
62210
65018
6219
4918
46915
0161
58337
0154
54151
51172
1226
12103
57685
2533
64905
1124
3238
59577
2944
7287
60995
7900
17374
3460
5122
58927
6430
8079
56409
54054
7970
63283
6214
58444
62434
0594
56884
53189
4163
53690
59668
64564
4782
11666
61431
57731
11498
5199
60803
1778
62748
16518
5281
3305
8408
8003
54861
8713
57568
4470
52912
61098
2995
13710
46159
2886
54447
6343
54587
56784
56066
13419
53444
14112
0467
7769
62880
3760
0807
15203
50189
6384
10408
12750
2892
65218
63121
13391
54749
58390
64261
59584
63337
0428
63508
4954
54133
55831
7346
59731
55678
60817
1371
15305
3495
60618
11861
6195
64943
5098
62495
7290
1836
1810
13587
9285
53670
5308
61517
4972
53245
53027
62036
13272
51067
6170
55912
5414
58077
63637
56433
11416
46868
14979
5004
14851
61676
6733
64737
23359
49024
4051
65435
12369
0653
7861
58316
14640
51412
64587
63067
59601
51479
0479
62382
12790
54953
57327
6902
2262
58368
62453
60668
11401
6443
0246
15337
5860
65084
7515
3187
3029
63338
57398
14377
10140
58261
65342
64147
2139
61833
49471
59667
3358
53874
5989
0180
1743
62382
64208
0160
11996
47327
5293
7095
15627
2870
6368
64397
23166
55200
4233
62645
3478
60405
9519
60506
14947
49257
64364
1086
64764
47481
61585
56398
15404
59976
61172
5902
5698
62036
4530
60898
5910
1956
0346
19408
8965
63807
5530
7817
4542
0054
48286
8316
5260
63323
63459
2077
60835
3565
50455
0563
60437
53110
63498
11089
0006
4433
58950
8846
12946
58281
61379
7786
5734
10357
5039
3918
15513
61218
2175
5412
61303
55662
0240
63461
14052
53829
58793
3974
2356
53858
60864
52417
8945
62960
64935
9671
6358
62281
10049
2244
6621
63180
59463
17169
12714
64885
3482
6671
5055
5624
48460
2656
62399
60787
63047
7435
56937
5014
50794
9279
61848
54833
52982
14120
63590
13786
56077
12920
10123
5355
59374
12957
58097
10854
65356
12012
8590
65294
59636
15786
59347
58911
53535
62227
7338
62765
54365
7253
64531
62149
64646
58038
0993
61804
62190
15679
8605
62489
9074
7770
11497
0880
54565
9018
10704
64996
5055
4236
2133
6310
54718
2970
60060
52060
59433
9070
59748
4339
50806
10765
4043
61096
51200
10548
59125
16661
59457
14734
6835
9318
61356
21603
53976
6444
56340
13794
5842
3865
50982
18949
58923
1922
49899
60718
61459
1543
52228
13309
60096
65386
0999
4187
0415
62822
53890
16644
10365
0482
6309
8197
12346
8061
57198
3863
4310
59077
5943
4322
0383
1183
58333
4877
2048
46839
55420
2799
63880
3856
55545
5092
10289
65118
60737
8790
57425
8804
64114
13964
9602
4882
62098
24545
61166
3842
51879
5281
3608
5189
49466
15596
57207
5076
55966
63972
55372
63777
48864
17665
61410
65401
64632
11145
5611
4764
49803
12232
7237
2929
6368
7808
7514
10375
62493
6469
2117
50586
0905
3511
1679
62587
57628
1890
11415
49525
58060
60368
63706
0289
64324
65453
14066
61621
6308
11362
64868
63330
0328
6594
16965
64579
63091
17093
4778
2798
58894
59769
0778
63910
53849
10930
58448
63767
63372
2732
61578
59942
45806
13836
1184
65424
64845
9438
8750
12566
55592
9842
2426
64139
6283
9322
3312
6547
62465
10433
7134
48440
59187
64110
0791
62621
57567
61710
13632
54097
0959
60829
62355
58681
3773
64047
18530
55659
9677
12579
11803
59683
2583
60012
20354
59907
1483
6196
8195
62930
6223
55387
2426
51777
56545
5328
0062
53854
1651
0602
8319
61601
49924
4508
4601
62896
4980
5122
8086
12124
64776
12593
4238
56340
2169
8486
2931
2758
57849
7926
11977
53981
57871
60086
60101
62403
59222
60293
10029
54702
5522
4544
0169
55481
1323
62980
21607
55485
6482
9666
17466
63558
8708
53342
16387
54489
3894
0970
7459
53287
12343
56812
10146
45572
55473
62789
7298
48771
4593
58730
14861
65179
61833
65470
6500
55470
10474
3360
8509
4826
2453
14041
13297
53658
63375
2396
1847
1508
55524
0872
9942
58544
62497
63899
54553
59322
58041
63563
7556
54339
0846
13070
5834
62365
63309
61488
17738
60837
2254
8152
11521
1194
13302
58591
10956
50726
63691
1572
5957
47714
7420
57512
15615
51386
55625
57122
7294
48160
8021
55389
12589
64860
5863
4285
11776
49069
9689
2182
10923
65139
65120
8519
19867
57217
65058
62446
62471
64222
56883
62101
4534
56027
64517
7294
56746
58445
53613
65242
7454
58169
58593
14948
5885
8133
65216
64657
8483
65018
62734
12508
1386
0030
8483
3585
8825
55084
52205
2840
1648
50960
64080
57031
10199
62396
58480
61675
2181
48717
7199
60649
7597
63071
4115
10573
18996
51974
5422
65376
9494
0057
62357
0528
16694
59228
4627
64733
58587
58585
56668
61631
2914
51074
59725
11506
63676
64001
53108
63404
5892
63698
55842
14126
65074
12338
3931
8195
3179
0617
54729
17861
61052
64306
62007
7951
6233
1433
44898
4393
58440
57239
58095
60590
62864
3139
57979
9361
0262
52363
65349
3335
3735
0997
60218
11675
19739
62325
4042
0961
1802
1474
60979
63584
8247
55337
3761
6432
60712
56261
53414
60149
4770
50782
54170
7797
0776
5001
60799
63578
3681
64646
57546
15251
60829
6652
3574
14637
6435
2946
47919
16889
59432
65077
53803
4022
64302
9879
46008
9362
51699
59037
54552
2584
54133
3923
50824
19227
3517
61850
58393
8359
64447
8909
53495
9760
11069
3538
4520
9134
60057
0765
56997
0656
2969
51038
59876
9229
64605
61255
52989
57176
4622
54119
54219
3498
62940
3959
4597
2959
6709
61782
58474
15619
64224
64334
65156
10049
11586
6751
49604
10790
58901
62886
55183
64117
56593
6200
49495
14795
55299
57229
52416
6565
54842
4531
44246
17379
5964
5996
59994
11501
59006
12983
53172
10002
1619
0686
0430
17955
59673
1354
51078
1314
1770
52273
50384
5155
62423
1822
58629
58298
2506
55683
57283
4928
60929
61913
6624
6449
15191
62045
58831
11395
4914
60230
64962
63676
10705
5322
58519
6507
61350
54508
60954
60939
56940
60581
49794
12226
1714
56768
55837
3123
60241
5389
47355
8489
4960
5662
2254
15449
59255
9515
55211
10425
0779
59274
57429
17223
62828
4868
50301
63533
0401
55957
48583
1389
55272
0403
64284
64785
4206
55997
57634
8989
64698
57173
2447
2625
20198
1388
62587
6360
7238
57528
4425
55738
5622
61252
64053
5248
3940
45930
64705
57340
64685
53140
50155
0202
11073
56648
1490
63855
0068
2176
58508
1869
6205
59907
6805
16273
2353
4009
57807
5305
6947
55271
52910
6820
62127
5052
57276
61260
64950
55698
51996
2964
52486
58458
63348
3560
10439
60198
56492
10253
3949
59547
0516
61480
15244
4002
2020
7118
6707
53560
7406
56256
3152
51588
59770
1661
12371
44815
1536
53092
4983
53221
55413
54690
12038
52058
12721
64607
6367
61474
2348
64926
13781
48763
4952
8972
11309
1446
63767
61666
11931
53284
56920
62787
58105
61854
64476
62015
3457
52631
54325
5836
58216
54159
59294
65379
13773
1959
59077
10316
4646
63389
3540
60933
5724
0267
0236
12010
7703
52084
3718
59923
3374
51644
51422
60428
11659
49451
4550
54289
3787
56447
62003
54796
9775
45224
13331
3353
13197
60018
5072
63073
21691
47354
2377
63757
10689
64506
6175
56626
12948
49717
62889
61366
57896
49772
64305
60669
11075
53236
55606
5179
0537
56639
60722
58934
9665
4705
64041
13594
4115
63337
5765
1435
1274
61581
55639
12616
8377
56496
63575
62378
0367
60060
47696
57890
1580
52094
4207
63932
65493
60595
62419
63905
10204
45534
3497
5298
13829
1070
4567
62594
21363
53395
2427
60838
1670
58595
7708
58694
13134
47443
62549
64807
62947
45663
59766
54579
13584
58155
59350
4080
3876
60213
2707
59074
4085
0130
64057
17582
7139
61980
3703
5989
2715
63762
46458
6488
3432
61495
61631
0249
59007
1736
48627
64271
58609
51283
61671
9262
63716
2606
57124
7021
11121
56456
59555
5963
3911
8535
3217
2097
13692
59398
0357
3594
59486
53846
63961
61647
12239
52017
56981
2163
0547
52050
59057
50611
7141
61157
63134
7871
4559
60483
8253
0449
4827
61389
57673
15380
10927
63099
1699
4890
3275
3846
46684
0882
60627
59016
61279
5668
55173
3252
49033
7521
60092
53080
51230
12371
61843
12041
54335
11180
8385
3620
57642
11227
56370
9130
63634
10292
6873
63580
57925
14078
57641
57208
51835
60530
5644
61074
52677
5568
62848
60470
62970
56365
64859
60138
60527
14020
6949
60836
7424
6123
9854
64776
52929
7385
9075
63370
3433
2618
0518
4699
53111
1367
58460
50465
57841
7482
58164
2759
49229
9192
2474
59532
49640
8992
57573
15113
57913
13194
5300
7787
59830
20081
52458
4931
54831
12289
4342
2369
49491
17463
57441
0445
48426
59250
59995
0084
50774
11860
58652
63946
65101
2757
64526
61402
52475
15234
8960
64618
4914
6807
10962
6682
55824
2494
2946
57719
4589
2974
64576
65382
57001
3550
0727
45523
54109
1494
62580
2562
54257
3809
9012
63846
59472
7530
56171
7555
62872
12727
8371
3656
60878
23331
59958
2640
50683
4091
2423
4011
48294
14430
56047
3922
54818
62830
54237
62648
47741
16548
60299
64296
63534
10053
4526
3684
48730
11165
6177
1875
5320
6767
6480
9347
61472
5454
1109
49584
65446
2522
0697
61612
56659
0928
10459
48576
57118
59432
62778
64903
63409
64545
13164
60726
5420
10481
63994
62463
65004
5741
16119
63739
62259
16268
3960
1987
58090
58972
65524
63127
53073
10161
57687
63013
62625
1992
60845
59216
45088
13125
0480
64727
64156
8755
8075
11899
54931
9189
1781
63501
5652
8699
2696
5938
61863
9839
6548
47861
58616
63546
0234
62072
57025
61176
13105
53578
0448
60325
61859
58192
3292
63574
18064
55201
9226
12135
11367
59255
2162
59599
19949
59510
1093
5814
7821
62563
5864
55036
2082
51441
56217
5008
65285
53549
1354
0312
8037
61327
49658
4250
4350
62653
4745
4894
7867
11912
64572
12397
4050
56160
1997
8321
2774
2608
57707
7792
11851
53863
57761
59984
60007
62316
59143
60222
9966
54647
5475
4504
0137
55457
1307
62972
21607
55492
6497
9690
17497
63597
8755
53397
16449
54560
3972
1056
7553
53389
12453
56930
10272
45705
55614
62938
7455
48935
4765
58910
15049
65375
62036
0145
6719
55697
10708
3603
8759
5084
2719
14315
13578
53947
63671
2700
2160
1828
55852
1208
10285
58895
62855
64266
54927
59704
58431
63960
7961
54751
1266
13497
6269
62808
63760
61946
18204
61310
2735
8641
12017
1697
13813
59109
11482
51259
64232
2121
6513
48278
7991
58091
16201
51979
56226
57730
7910
48783
8651
56027
13234
65512
6523
4952
12450
49751
10378
2878
11627
0314
0302
9245
20599
57956
0269
63200
63232
64991
57659
62883
5323
56824
65320
8105
57564
59270
54444
0544
8300
59022
59453
15815
6758
9013
0567
0015
9384
0390
63649
13429
2314
0964
9425
4533
9780
56046
53174
3815
2629
51948
65075
58033
11207
63410
59501
62703
3215
49758
8246
61703
8657
64137
5188
11652
20081
53066
6520
0944
10604
1174
63479
1657
17829
60370
5775
0350
59746
59751
57840
62809
4098
52263
60921
12707
64884
65215
54327
64629
7123
64935
57084
15375
0792
13598
5196
9466
4456
1899
56017
19155
62351
0075
63317
9267
7554
2760
46230
5730
59782
58587
59448
61948
64228
4508
59353
10740
1646
53752
1207
4734
5140
2406
61633
13094
21164
63754
5476
2400
3246
2922
62433
65043
9710
56805
5233
7909
62194
57747
54905
61645
6270
52286
55678
9310
2294
6522
62326
65108
5216
0649
59089
16798
62381
8208
5134
16201
8003
4518
49495
18469
61016
1129
55394
5617
0365
11482
47615
10973
53313
60655
56174
4209
55762
5556
52460
20866
5160
63497
60043
10012
0568
10569
55158
11426
12739
5211
6196
10813
61739
2450
58685
2347
4663
52735
61576
10931
0775
62963
54701
58890
6339
55839
55941
5222
64667
5689
6330
4694
8447
63522
60216
17364
0435
0547
1372
11803
13342
8509
51364
12552
60665
64652
56952
0351
58366
7974
51271
16573
57078
59011
54200
8350
56629
6320
46036
19171
7757
7790
61790
13298
60805
14783
54973
11806
3423
2492
2236
19763
61482
3164
52889
3126
3583
54087
52199
6971
64240
3640
60448
60117
4326
57504
59104
6750
62752
63737
8448
8274
17016
63870
60657
13221
6740
62057
1254
65503
12533
7149
60347
8335
63178
56336
62782
62767
58768
62409
51622
14054
3542
58596
57664
4950
62067
7215
49181
10315
6785
7487
4078
17272
61078
11337
57032
12246
2599
61093
59247
19040
64645
6684
52116
65347
2214
57769
50393
3199
57080
2211
0554
1054
6009
57799
59435
10789
0960
58970
4242
4419
21991
3179
64376
8148
9023
59312
6208
57519
7401
63029
0292
7021
5712
47700
0937
59105
0913
54902
51914
1959
12827
58401
3240
0067
1814
3919
60249
3607
7941
61640
8536
18002
4079
5732
59528
7023
8663
56984
54620
8527
63831
6753
58974
62956
1106
57387
53683
4648
54167
60135
65023
5231
12106
61862
58153
11911
5603
61198
2164
63125
16885
5639
3655
8749
8334
55183
9026
57872
4765
53197
61375
3262
13968
46408
3126
54678
6565
54799
56987
56260
13604
53620
14278
0624
7917
63019
3889
0927
15314
50291
6476
10492
12824
2957
65274
63168
13428
54777
58409
64271
59584
63328
0410
63481
4918
54087
55776
7282
59658
55595
60725
1269
15195
3376
60489
11723
6048
64786
4932
62320
7106
1643
1608
13376
9064
53440
5069
61268
4714
52978
52751
61751
12978
50764
5857
55590
5083
57737
63288
56075
11049
46492
14594
4610
14448
61264
6311
64307
22919
48576
3593
64968
11893
0168
7367
57813
14129
50892
64057
62529
59053
50923
65449
61808
12207
54361
56726
6292
1644
57740
61817
60023
10747
5781
65111
14657
5172
64387
6809
2472
2305
62606
56657
13627
9382
57494
64566
63363
1346
61032
48661
58849
2531
53039
5145
64864
0881
61513
63330
64809
11102
46424
4381
6175
14699
1933
5423
63443
22205
54230
3255
61659
2484
59402
8508
59487
13920
48222
63321
0035
63705
46414
60509
55315
14313
58877
60065
4787
4576
60905
3392
59752
4755
0794
64713
18230
7780
62614
4329
6609
3326
64367
47056
7077
4015
62069
62198
0809
59559
2281
49164
64801
59132
51797
62178
9762
64208
3091
57601
7490
11583
56911
60002
6402
4342
8959
3633
2505
14093
59791
0742
3971
59856
54208
64316
61993
12578
52348
57305
2480
0855
52350
59350
50896
7418
61427
63396
8125
4805
60722
8484
0672
5043
61596
57872
15572
11111
63276
1867
5050
3427
3991
46821
1011
60748
59130
61384
5766
55262
3334
49108
7588
60151
53130
51273
12406
61870
12061
54347
11184
8381
3608
57622
11200
56334
9086
63583
10233
6806
63505
57842
13987
57543
57102
51721
60408
5514
60936
52531
5414
62687
60301
62793
56180
64667
59938
60319
13804
6725
60604
7185
5876
9600
64514
52658
7107
8789
63077
3131
2309
0202
4374
52779
1027
58113
50109
57478
7111
57785
2373
48836
8791
2065
59115
49216
8560
57133
14666
57458
12732
4830
7309
59345
19588
51958
4423
54316
11766
3812
1831
48946
16910
56880
65413
47851
58667
59405
65022
50169
11248
58032
63319
64466
2115
63877
60745
51811
14562
8282
63932
4221
6107
10254
5967
55102
1765
2209
56975
3838
2216
63811
64610
56222
2763
65469
44723
53302
0679
61758
1733
53421
2967
8163
62989
58608
6660
55293
6671
61980
11829
7466
2745
59960
22406
59026
1701
49738
3139
1465
3045
47322
13451
55061
2930
53819
61825
53225
61629
46716
15516
59261
63252
62483
8996
3462
2614
47653
10083
5088
0780
4219
5660
5366
8227
60345
4322
65506
48439
64295
1365
65069
60443
55484
65283
9272
47383
55919
58227
61567
63687
62187
63316
11930
59486
4175
9230
62737
61201
63735
4467
14839
62454
60968
14971
2658
0679
56777
57654
64200
61797
51738
8821
56341
61662
61269
0631
59478
57845
43711
11743
64629
63335
62758
7353
6668
10486
53514
7766
0354
62068
4215
7257
1249
4486
60407
8378
5082
46390
57141
62066
64286
60583
55532
59678
11603
52071
64473
58809
60339
56668
1763
62041
16527
53659
7680
10585
9813
57696
0600
58033
18379
57935
65051
4232
6235
60973
4270
53438
0481
49836
54608
3395
63668
51929
65266
64221
6406
59692
48020
2608
2706
61005
3093
3239
6208
10250
62908
10729
2378
54485
0319
6640
1090
0921
56018
6100
10156
52164
56060
58280
58300
60606
57430
58507
8248
52926
3752
2778
63944
53726
65109
61235
19868
53751
4754
7944
15749
61847
7002
51642
14692
52800
2211
64829
5787
51621
10684
55158
8498
43930
53837
61159
5674
47153
2981
57124
13261
63586
60245
63889
4925
53902
8911
1804
6959
3283
0917
12511
11773
52141
61864
0892
0350
0018
54040
64931
8471
57080
61039
62449
53109
57886
56611
62140
6140
52930
64980
11675
4446
60984
61935
60121
16378
59484
0909
6814
10190
65406
11986
57282
9655
49431
62404
0292
4685
46449
6163
56263
14373
50151
54398
55902
6082
46955
6824
54200
11408
63686
4698
3127
10626
47927
8555
1055
9804
64028
64017
7424
18780
56138
63987
61383
61416
63175
55844
61070
3511
55013
63510
6296
55756
57463
52639
64276
6497
57220
57653
14016
4961
7217
64308
63758
7593
64136
61861
11643
0529
64717
7644
2753
8003
54270
51400
2043
0859
50180
63309
56268
9445
61650
57743
60947
1462
48006
6497
59956
6913
62395
3448
9915
18347
51333
4790
64753
8880
64988
61760
65477
16115
58659
4066
64181
58044
58051
56143
61115
2407
50576
59236
11026
63205
63539
52655
62960
5457
63272
55425
13718
64675
11948
3550
7823
2817
0263
54385
17526
60726
63989
61699
7653
5943
1153
44627
4131
58187
56995
57860
60365
62648
2932
57781
9172
0082
52192
65188
3183
3593
0863
60094
11560
19634
62228
3954
0883
1733
1414
60929
63543
8215
55314
3748
6428
60717
56275
53438
60182
4812
50833
54230
7867
0855
5089
60897
63684
3796
64771
57680
15394
60982
6814
3745
14817
6624
3144
48127
17106
59658
65312
54047
4276
64564
10151
46290
9653
51998
59345
54870
2911
54469
4268
51178
19590
3889
62232
58784
8758
64856
9327
53921
10196
11514
3992
4983
9606
60538
1255
57496
1164
3486
51564
60411
9772
65158
61816
53560
57755
5210
54716
54825
4113
63564
4591
5239
3609
7368
62450
59151
16304
64918
65037
0332
10769
12315
7488
50350
11545
59664
63658
55964
64906
57391
7007
50310
15619
56131
58069
53265
7422
55708
5406
45128
18270
6863
6903
60910
12426
59939
13924
54121
10960
2585
1661
1412
18946
60672
2361
52093
2337
2801
53313
51431
6211
63487
2894
59709
59385
3601
56786
58394
6047
62056
63048
7767
7600
16349
63211
60005
12577
6103
61427
0631
64888
11926
6549
59754
7750
62600
55766
62219
62212
58220
61868
51088
13528
3024
58085
57161
4455
61579
6734
48708
9850
6328
7037
3636
16838
60651
10918
56620
11842
2203
60704
58866
18667
64279
6326
51766
65004
1879
57441
50074
2887
56776
1914
0265
0773
5737
57534
59178
10539
0718
58736
4016
4200
21780
2976
64181
7961
8844
59140
6044
57363
7253
62889
0160
6896
5595
47591
0836
59012
0827
54824
51844
1897
12773
58354
3202
0037
1791
3904
60242
3608
7950
61657
8561
18034
4119
5780
59584
7086
8734
57063
54708
8622
63934
6864
59093
63082
1240
57529
53833
4806
54332
60309
65204
5420
12303
62067
58366
12131
5831
61434
2407
63376
17145
5906
3929
9031
8624
55481
9331
58185
5086
53526
61711
3607
14320
46768
3494
55053
6947
55190
57386
56666
14017
54041
14707
1061
8361
63471
4349
1394
15789
50773
6966
10989
13329
3469
0258
63695
13963
55319
58958
64828
60149
63901
0990
64068
5512
54689
56385
7899
60282
56227
61364
1916
15849
4037
61157
12398
6731
65476
5629
63025
7818
2362
2334
14109
9805
54188
5824
62031
5483
53754
53534
62542
13775
51568
6669
56409
5909
58570
64128
56922
11903
47352
15461
5485
15329
62152
7206
65208
23828
49491
4516
0361
12829
1111
8317
58769
15091
51861
65033
63512
60042
51919
0916
62817
13222
55383
57754
7327
2685
58788
62871
61083
11814
6854
0655
15743
6264
65485
7914
3583
3423
63730
57787
14763
10524
58643
0185
64523
2512
62204
49840
60033
3722
54235
6347
0536
2096
62733
64556
0505
12339
47668
5630
7430
15960
3199
6695
64721
23488
55519
4549
62959
3789
60713
9824
60809
15247
49554
64659
1378
65053
47768
61868
56679
15682
60251
61444
6172
5966
62300
4792
61157
6166
2209
0597
19655
9210
64049
5769
8053
4776
0285
48514
8541
5483
63542
63676
2291
61046
3773
50660
0766
60636
53307
63692
11280
0194
4618
59132
9026
13122
58455
61550
7954
5898
10519
5198
4074
15666
61368
2323
5556
61444
55800
0376
63593
14182
53956
58917
4095
2474
53973
60976
52526
9051
63063
65035
9768
6452
62372
10138
2329
6703
63259
59539
17242
12785
64952
3547
6733
5113
5679
48513
2705
62445
60830
63088
7472
56971
5046
50822
9305
61871
54853
52998
14134
63600
13793
56082
12922
10121
5351
59367
12947
58084
10838
65337
11989
8565
65265
59604
15752
59309
58870
53492
62181
7288
62712
54309
7194
64469
62085
64578
57967
0919
61728
62111
15597
8520
62401
8982
7675
11400
0779
54462
8911
10594
64884
4940
4118
2012
6186
54591
2840
59927
51925
59294
8928
59603
4191
50655
10611
3886
60937
51038
10383
58957
16490
59283
14557
6656
9135
61171
21414
53785
6250
56143
13594
5640
3659
50774
18738
58709
1705
49679
60495
61233
1314
51997
13075
59860
65146
0757
3941
0167
62571
53636
16387
10106
0220
6044
7930
12076
7788
56922
3584
4028
58793
5656
4033
0090
0888
58035
4576
1745
46533
55111
2488
63566
3539
55226
4770
9965
64790
60407
8458
57090
8466
63774
13621
9257
4533
61747
24191
60810
3483
51518
4917
3241
4820
49095
15222
56830
4697
55585
63588
54986
63388
48473
17271
61014
65002
64230
10741
5205
4355
49392
11819
6821
2511
5947
7385
7089
9947
62063
6036
1683
50148
0465
3069
1234
62141
57179
1439
10961
49069
57602
59907
63244
65360
63857
64984
13594
61147
5832
10884
64388
62848
65379
6107
16476
64088
62598
16598
4281
2299
58393
59266
0272
63402
53339
10418
57934
63251
62854
2212
61056
59418
45280
13308
0654
64892
64311
8902
8212
12027
55050
9298
1881
63592
5734
8772
2759
5992
61908
9875
6574
47878
58624
63545
0224
62053
56996
61138
13058
53521
0382
60250
61775
58099
3189
63462
17943
55071
9087
11987
11210
59088
1986
59413
19754
59306
0880
5592
7589
62322
5614
54777
1814
51164
55930
4712
64980
53235
1031
65516
7696
60976
49299
3881
3973
62266
4349
4490
7453
11489
64141
11956
3600
55701
1529
7844
2288
2113
57203
7279
11329
53332
57221
59435
59449
61750
58567
59638
9373
54045
4864
3885
65044
54820
0661
62316
20943
54820
5816
9000
16798
62889
8039
52672
15715
53817
3221
0296
6784
52612
11668
56136
9469
44894
54794
62110
6618
48090
3911
58048
14178
64496
61149
64786
5814
54785
9787
2673
7821
4138
1765
13352
12608
52968
62684
1705
1156
0817
54832
0180
9249
57851
61803
63205
53858
58628
57346
62868
6861
53643
0150
12373
5138
61668
62612
60791
17041
60139
1556
7455
10823
0496
12604
57892
10258
50027
62993
0874
5258
47016
6722
56814
14917
50687
54927
56424
6596
47462
7323
54691
11891
64162
5166
3588
11079
48373
8993
1485
10227
64443
64424
7824
19172
56522
64363
61752
61777
63529
56190
61408
3841
55336
63825
6603
56055
57755
52923
64552
6766
57481
57906
14261
5198
7447
64530
63972
7799
64335
62051
11826
0704
64884
7803
2905
8146
54406
51528
2163
0972
50284
63406
56357
9526
61723
57808
61005
1511
48048
6531
59982
6931
62405
3450
9909
18333
51312
4761
64716
8835
64935
61700
65408
16039
58575
3975
64081
57936
57936
56020
60984
2268
50429
59082
10863
63035
63361
52469
62766
5256
63063
55208
13494
64443
11708
3302
7568
2553
65528
54106
17239
60432
63687
61389
7335
5618
0820
44286
3782
57830
56631
57488
59985
62261
2537
57378
8762
65200
51767
64755
2742
3144
0407
59630
11089
19155
61742
3461
0382
1224
0897
60405
63012
7676
54768
3193
5866
60148
55698
52854
59591
4213
50227
53616
7246
0227
4453
60253
63034
3139
64105
57008
14714
60295
6120
3044
14108
5908
2421
47397
16368
58914
64560
53288
3509
63791
9371
45502
8858
51196
58536
54054
2088
53639
3431
50335
18739
3032
61367
57913
7880
63971
8434
53022
9290
10602
3073
4057
8673
59598
0308
56542
0204
2519
50591
59431
8786
64165
60817
52554
56742
4191
53691
53793
3074
62518
3540
4181
2545
6297
61373
58067
15215
63822
63934
64759
9654
11194
6361
49216
10405
58518
62506
54806
63742
56221
5831
49127
14431
54937
56870
52060
6210
54491
4182
43899
17035
5622
5657
59658
11167
58676
12655
52846
9680
1299
0369
0115
17643
59364
1047
50774
1012
1471
51977
50090
4864
62135
1537
58347
58018
2229
55409
57011
4659
60663
61650
6363
6192
14936
61793
58582
11149
4670
59989
64725
63441
10473
5092
58292
6283
61129
54290
60739
60727
56731
60374
49590
12025
1516
56573
55645
2934
60054
5205
47174
8312
4785
5491
2085
15283
59092
9355
55054
10271
0628
59126
57283
17080
62688
4731
50167
63402
0274
55832
48461
1270
55155
0290
64173
64678
4102
55896
57536
8894
64606
57083
2360
2541
20118
1311
62512
6289
7169
57462
4363
55679
5566
61199
64003
5200
3896
45889
64667
57304
64653
53111
50128
0178
11052
56630
1475
63844
0059
2170
58506
1869
6208
59913
6815
16285
2369
4027
57829
5329
6975
55301
52944
6856
62166
5094
57321
61308
65001
55752
52054
3025
52550
58524
63418
3632
10514
60276
56573
10337
4036
59637
0609
61576
15343
4104
2125
7226
6818
53674
7523
56375
3275
51714
59898
1793
12505
44952
1677
53235
5129
53370
55566
54845
12196
52219
12884
64773
6537
61646
2524
65104
13963
48947
5139
9162
11501
1642
63966
61867
12135
53491
57130
63000
58320
62072
64698
62240
3684
52861
54557
6071
58455
54400
59538
0089
14023
2211
59332
10574
4907
63653
3806
61203
5996
0541
0514
12290
7986
52370
4007
60215
3668
51940
51721
60730
11964
49758
4860
54601
4103
56765
62324
55119
10101
45552
13662
3687
13533
60358
5414
63417
22038
47703
2729
64112
11046
64866
6537
56991
13316
50087
63261
61742
58274
50153
64688
61055
11463
53626
55999
5574
0934
57040
61125
59339
10073
5115
64454
14009
4532
63756
6187
1859
1701
62011
56071
13050
8814
56935
64016
62821
0813
60508
48146
58343
2034
52551
4666
64394
0421
61061
62887
64375
10677
46009
3974
5777
14311
1554
5053
63082
21853
53887
2921
61334
2168
59096
8211
59199
13641
47952
63060
65320
63462
46181
60285
55100
14107
58680
59877
4609
4407
60746
3241
59611
4623
0671
64599
18126
7685
62529
4253
6541
3268
64318
47016
7047
3993
62057
62195
0815
59575
2306
49198
64845
59184
51859
62249
9842
64297
3189
57708
7607
11709
57046
60147
6556
4505
9131
3815
2696
14293
60000
0960
4199
60092
54454
64571
62258
12851
52631
57597
2780
1165
52669
59678
51234
7764
61782
63760
8498
5188
61114
8885
1082
5462
62024
58309
16018
11567
63740
2340
5532
3918
4491
47330
1529
61275
59666
61929
6320
55825
3906
49688
8177
60749
53738
51889
13031
62504
12703
54998
11844
9050
4286
58308
11895
57038
9799
64304
10963
7545
64252
58598
14752
58316
57883
52512
61207
6321
61752
53356
6247
63529
61151
63652
57047
0006
60822
61212
14705
7634
61522
8110
6810
10542
65464
53617
8074
9764
64061
4123
3309
1210
5391
53803
2059
59153
51158
58535
8176
58858
3453
49924
9888
3170
60228
50336
9689
58269
15810
58610
13891
5997
8485
60527
20778
53156
5629
55529
12987
5041
3068
50189
18161
58139
1143
49124
59948
60694
0782
51472
12558
59350
64644
0263
3455
65224
62099
53172
15931
9657
65315
5610
7504
11658
7378
56519
3189
3641
58413
5284
3668
65270
0539
57694
4242
1419
46215
54801
2185
63271
3252
54946
4498
9701
64534
60159
8217
56857
8241
63557
13412
9055
4340
61561
24013
60639
3320
51363
4770
3102
4688
48971
15106
56722
4597
55492
63504
54910
63320
48412
17218
60969
64964
64201
10720
5191
4349
49394
11828
6839
2536
5980
7427
7138
10004
62128
6109
1763
50237
0562
3173
1346
62260
57306
1574
11104
49220
57761
60074
63418
0007
64047
65182
13800
61361
6054
11113
64625
63093
0096
6367
16745
64363
62882
16889
4580
2605
58707
59588
0602
63740
53684
10771
58295
63620
63230
2596
61447
59817
45687
13723
1076
65322
64749
9347
8665
12487
55518
9774
2364
64082
6232
9277
3273
6513
62437
10411
7118
48429
59182
64110
0797
62634
57584
61734
13661
54132
1000
60875
62407
58739
3836
64116
18605
55740
9763
12671
11901
59786
2691
60126
20474
60033
1615
6334
8338
63078
6377
55547
2592
51948
56722
5511
0250
54048
1851
0807
8529
61817
50147
4736
4834
63135
5224
5372
8342
12385
65043
12865
4516
56624
2459
8780
3231
3064
58160
8243
12300
54309
58205
60426
60446
62753
59577
60654
10396
55074
5900
4927
0557
55875
1722
63384
22018
55900
6903
10093
17898
63995
9151
53790
16840
54948
4358
1439
7933
53767
12829
57303
10642
46073
55979
63301
7815
49293
5120
59263
15399
0187
62381
0488
7059
56034
11043
3935
9088
5411
3043
14636
13897
54263
63985
3011
2468
2134
56155
1508
10582
59190
63147
64555
55213
59988
58711
64238
8236
55024
1535
13764
6534
63069
64018
62202
18457
61560
2982
8885
12258
1936
14049
59343
11713
51487
64457
2343
6732
48494
8204
58301
16409
52184
56428
57929
8106
48976
8842
56214
13419
0158
6702
5128
12624
49921
10546
3042
11788
0472
0457
9397
20749
58103
0412
63341
63370
65126
57791
63012
5449
56947
65441
8222
57678
59381
54553
0650
8403
59121
59550
15909
6849
9101
0652
0097
9463
0466
63722
13499
2381
1028
9486
4591
9835
56098
53223
3861
2672
51988
65112
58067
11238
63438
59526
62725
3234
49773
8259
61713
8664
64141
5188
11650
20076
53057
6509
0930
10587
1154
63456
1631
17800
60338
5740
0312
59705
59707
57793
62759
4045
52207
60862
12645
64819
65147
54256
64555
7046
64855
57002
15289
0704
13506
5101
9368
4355
1795
55911
19045
62239
65495
63199
9145
7429
2632
46099
5597
59646
58448
59306
61803
64080
4357
59199
10583
1486
53589
1042
4566
4969
2232
61456
12915
20981
63568
5287
2209
3051
2725
62233
64840
9504
56596
5022
7695
61976
57527
54682
61419
6041
52055
55444
9073
2054
6280
62080
64860
4964
0395
58832
16539
62118
7943
4866
15930
7730
4241
49216
18187
60732
0842
55105
5325
0070
11184
47315
10669
53007
60346
55862
3895
55445
5236
52138
20541
4832
63166
59710
9676
0230
10228
54814
11080
12390
4860
5842
10457
61380
2089
58321
1981
4294
52364
61202
10555
0395
62582
54316
58503
5949
55447
55547
4826
64268
5287
5926
4287
8038
63111
59803
16947
0017
0126
0948
11377
12914
8078
50931
12117
60227
64212
56510
65443
57919
7525
50819
16119
56622
58552
53739
7887
56164
5852
45566
18699
7283
7314
61312
12818
60323
14298
54486
11316
2932
1998
1741
19266
60983
2662
52385
2620
3075
53577
51687
6457
63724
3122
59928
59595
3802
56978
58576
6220
62220
63203
7912
7736
16476
63329
60114
12676
6193
61507
0703
64950
11979
6593
59788
7775
62616
55773
62217
62200
58200
61838
51049
13479
2966
58018
57085
4369
61485
6631
48595
9727
6196
6896
3486
16679
60483
10740
56434
11646
1998
60490
58643
18434
64037
6075
51506
64735
1601
57154
49777
2581
56461
1590
65468
0431
5385
57174
58808
10160
0330
58339
3610
3785
21356
2543
63739
7509
8384
58671
5566
56876
6757
62384
65182
6373
5063
47049
0286
58453
0259
54247
51259
1302
12170
57742
2581
64943
1152
3257
59586
2943
7276
60974
7869
17334
3410
5063
58858
6351
7991
56311
53947
7852
63156
6077
58297
62278
0428
56708
53003
3968
53486
59454
64340
4548
11423
61178
57469
11226
4917
60512
1477
62437
16197
4951
2966
8059
7644
54493
8335
57181
4073
52505
60682
2569
13275
45715
2432
53983
5870
54104
56292
55565
12908
52924
13582
65464
7220
62322
3192
0230
14617
49593
5779
9794
12126
2259
64576
62470
12730
54078
57710
63573
58885
62630
65248
62782
4219
53389
55077
6584
58960
54897
60028
0572
14498
2678
59792
11026
5351
64090
4236
61624
6410
0947
0912
12681
8369
52746
4375
60575
4021
52285
52058
61059
12286
50072
5166
54900
4393
57048
62599
55387
10361
45804
13907
3924
13762
60578
5626
63622
22236
47893
2911
64286
11212
65024
6688
57134
13450
50214
63380
61853
58378
50248
64776
61135
11535
53690
56055
5622
0975
57072
61149
59356
10082
5116
64447
13994
4510
63726
6149
1814
1648
61949
56001
12973
8729
56842
63915
62713
0697
60384
48014
58203
1887
52395
4503
64223
0242
60874
62693
64173
10467
45791
3749
5544
14069
1305
4796
62817
21580
53607
2633
61038
1865
58785
7892
58872
13306
47610
62710
64962
63097
45808
59905
54712
13711
58277
59466
4190
3980
60311
2800
59161
4166
0206
64127
17646
7198
62034
3750
6031
2751
63793
46483
6506
3445
61502
61633
0245
58997
1721
48605
64245
58577
51245
61627
9212
63661
2545
57057
6948
11043
56373
59466
5868
3810
8429
3105
1979
13569
59269
0222
3453
59339
53694
63803
61483
12070
51842
56801
1978
0355
51853
58854
50403
6926
60938
62908
7640
4323
60241
8005
0196
4569
61124
57402
15104
10646
62813
1407
4592
2971
3537
46369
0561
60301
58685
60942
5326
54825
2899
48675
7157
59722
52704
50849
11985
61451
11644
53933
10772
7972
3201
57218
10798
55935
8689
63188
9841
6417
63118
57457
13605
57163
56725
51347
60036
5145
60569
52167
5053
62328
59944
62439
55829
64318
59591
59976
13463
6387
60269
6852
5546
9272
64188
52336
6787
8472
62762
2820
1999
65431
4071
52478
0728
57817
49816
57188
6824
57501
2091
48556
8515
1792
58844
48948
8295
56871
14406
57201
12478
4579
7061
59099
19345
51718
4186
54081
11534
3583
1605
48722
16690
56663
65198
47639
58458
59199
64819
49969
11050
57838
63127
64277
1929
63694
60565
51634
14388
8110
63764
4055
5944
10094
5810
54948
1614
2061
56830
3696
2077
63675
64476
56091
2636
65345
44601
53183
0564
61646
1624
53315
2863
8062
62892
58513
6568
55204
6585
61897
11749
7389
2671
59889
22338
58961
1639
49678
3083
1411
2995
47275
13407
55020
2892
53784
61793
53196
61603
46693
15496
59244
63238
62472
8988
3457
2612
47654
10087
5095
0790
4232
5675
5384
8249
60370
4349
0001
48473
64331
1405
65112
60488
55532
65335
9327
47441
55979
58291
61633
63756
62259
63392
12009
59568
4259
9317
62828
61294
63832
4566
14942
62559
61076
15083
2772
0797
56897
57777
64326
61926
51870
8956
56479
61803
61412
0777
59628
57997
43866
11901
64790
63499
62925
7523
6841
10662
53693
7948
0538
62256
4405
7450
1445
4685
60609
8583
5290
46601
57354
62282
64505
60805
55756
59906
11833
52304
64709
59048
60581
56912
2010
62291
16780
53915
7939
10847
10077
57963
0869
58305
18654
58213
65332
4515
6521
61262
4561
53732
0778
50135
54910
3700
63976
52239
0043
64537
6724
60013
48344
2935
3035
61337
3427
3576
6548
10592
63252
11076
2729
54838
0674
6998
1451
1284
56383
6468
10526
52537
56435
58658
58681
60989
57816
58895
8638
53319
4147
3176
64345
54129
65515
61643
20279
54164
5169
8362
16169
62269
7427
52069
15122
53232
2645
65265
6226
52063
11127
55604
8947
44380
54289
61614
6131
47612
3442
57588
13728
64054
60716
64362
5400
54379
9391
2286
7443
3769
1405
13002
12266
52636
62361
1390
0851
0521
54545
65438
8980
57592
61553
62964
53627
58405
57133
62664
6666
53457
65509
12206
4979
61519
62472
60660
16919
60027
1453
7361
10738
0421
12538
57835
10210
49989
62964
0854
5247
47014
6729
56831
14943
50723
54972
56477
6659
47534
7405
54782
11991
64271
5284
3715
11216
48519
9148
1650
10401
64626
64616
8025
19382
56742
64592
61990
62024
63785
56456
61683
4125
55628
64127
6914
56376
58084
53262
64900
7123
57847
58281
14645
5591
7849
64941
64392
8229
64773
62499
12282
1169
65359
8286
3397
8648
54916
52047
2692
1509
50830
63961
56921
10099
62305
58399
61604
2120
48665
7157
60617
7575
63058
4112
10580
19012
52000
5457
65421
9549
0122
62431
0612
16788
59332
4740
64856
58720
58728
56820
61793
3085
51255
59916
11706
63886
64221
53338
63643
6141
63957
56110
14404
65362
12635
4237
8511
3505
0952
55074
18216
61417
64680
62391
8344
6635
1845
45320
4824
58880
57689
58554
61059
63343
3627
58476
9868
0778
52888
0348
3880
4289
1560
60791
12257
20331
62926
4652
1581
2431
2112
61627
64242
8913
56013
4446
7126
61415
56973
54136
60880
5510
51531
54928
8565
1553
5786
61594
64382
4494
65468
58377
16091
61678
7510
4441
15513
7320
3840
48822
17801
60353
0470
54741
4969
65258
10844
46982
10345
52690
60036
55561
3601
55159
4958
51867
20279
4577
62919
59471
9445
0006
10012
54606
10880
12198
4675
5665
10287
61219
1935
58175
1843
4163
52241
61088
10448
0297
62491
54233
58427
5882
55387
55495
4782
64232
5259
5905
4275
8033
63114
59814
16966
0043
0161
0991
11427
12972
8144
51005
12198
60317
64310
56615
0020
58040
7654
50956
16264
56774
58712
53907
8062
56347
6044
45765
18906
7497
7536
61542
13056
60568
14552
54748
11585
3209
2283
2033
19566
61290
2978
52708
2951
3414
53924
52041
6819
64093
3499
60313
59988
4202
57386
58992
6643
62651
63641
8358
8190
16938
63798
60590
13160
6685
62007
1210
65465
12500
7122
60325
8319
63168
56332
62784
62775
58781
62427
51646
14083
3577
58637
57711
5003
62126
7279
49251
10390
6866
7574
4171
17371
61182
11447
57148
12367
2726
61226
59385
19184
64794
6839
52277
65513
2386
57946
50577
3388
57275
2411
0760
1266
6227
58022
59663
11023
1200
59215
4493
4675
22253
3447
64649
8427
9308
59602
6503
57820
7708
63342
0610
7344
6041
48034
1277
59451
1264
55258
52276
2326
13200
58779
3624
0457
2209
4319
60655
4018
8358
62062
8964
18434
4517
6176
59977
7477
9122
57449
55091
9002
64312
7239
59466
63452
1608
57895
54196
5166
54690
60664
0020
5770
12651
62412
58708
12471
6168
61768
2739
63705
17471
6230
4250
9349
8940
55794
9642
58493
5391
53828
62011
3903
14614
47059
3782
55338
7230
55470
57663
56941
14289
54310
14974
1324
8622
63729
4604
1646
16038
51020
7210
11230
13567
3705
0491
63925
14190
55543
59180
65047
60364
64114
1200
64275
5717
54890
56584
8095
60475
56417
61551
2100
16030
4215
61333
12571
6900
0107
5793
63186
7976
2517
2486
14259
9951
54331
5964
62168
5618
53886
53663
62668
13898
51688
6786
56523
6020
58678
64233
57024
12002
47449
15554
5575
15416
62236
7288
65287
23903
49564
4585
0427
12893
1171
8374
58823
15143
51910
65079
63554
60082
51955
0949
62847
13250
55408
57776
7346
2701
58801
62880
61090
11818
6855
0652
15738
6256
65474
7899
3566
3402
63706
57760
14734
10492
58607
0146
64482
2468
62157
49789
59980
3666
54176
6285
0471
2027
62662
64482
0428
12259
47584
5544
7340
15868
3104
6597
64620
23384
55412
4439
62846
3673
60594
9702
60684
15119
49424
64525
1242
64914
47625
61723
56531
15531
60097
61287
6012
5803
62135
4623
60985
5991
2032
0417
19472
9024
63860
5577
7858
4578
0084
48311
8335
5274
63330
63461
2073
60825
3549
50434
0537
60405
53072
63454
11039
65487
4372
58883
8774
12868
58197
61290
7691
5633
10251
4926
3800
15389
61088
2041
5271
61156
55510
0083
63298
13883
53655
58613
3788
2164
53661
60661
52208
8731
62741
64710
9440
6122
62039
9802
1990
6362
62916
59192
16893
12433
64598
3190
6373
4751
5315
48146
2336
62073
60456
62710
7093
56589
4661
50435
8915
61478
54458
52601
13734
63198
13389
55675
12512
9709
4936
58950
12528
57662
10414
64910
11561
8134
64832
59169
15314
58869
58428
53047
61734
6839
62261
53855
6738
64010
61624
64115
57502
0451
61258
61639
15123
8043
61922
8501
7192
10915
0292
53972
8420
10101
64388
4442
3618
1510
5682
54085
2332
59417
51412
58780
8412
59085
3671
50133
10087
3360
60408
50508
9851
58422
15954
58745
14017
6114
8592
60625
20867
53235
5699
55590
13039
5083
3101
50213
18176
58145
1139
49111
59926
60662
0742
51422
12499
59282
64567
0176
3359
65118
61985
53049
15798
9515
65163
5450
7334
11479
7190
56322
2983
3425
58188
5050
3425
65017
0277
57423
3962
1130
45917
54493
1868
62945
2917
54603
4145
9339
64163
59779
7828
56458
7834
63140
12986
8620
3896
61108
23552
60169
2841
50874
4273
2595
4173
48447
14573
56180
4045
54932
62934
54331
62733
47816
16613
60355
64342
63570
10080
4542
3691
48727
11153
6155
1843
5279
6716
6419
9277
61391
5364
1009
49475
65327
2394
0558
61464
56501
0761
10282
48390
56921
59226
62562
64678
63174
64300
12910
60462
5147
10198
63702
62161
64692
5419
15788
63399
61908
15908
3590
1608
57701
58574
65116
62709
52646
9724
57241
62557
62160
1518
60361
58723
44585
12612
65494
64196
63615
8205
7516
11330
54353
8601
1184
62894
5036
8074
2061
5294
61210
9176
5876
47180
57925
62846
65061
61354
56298
60440
12359
52823
65220
59552
61077
57401
2492
62764
17246
54374
8390
11290
10513
58391
1290
58718
19059
58611
0185
4897
6895
61628
4921
54084
1121
50471
55238
4021
64289
52544
0340
64826
7006
60287
48610
3193
3285
61579
3663
3804
6767
10804
63456
11272
2917
55019
0847
7163
1608
1434
56525
6601
10652
52655
56545
58760
58775
61076
57895
58966
8701
53374
4195
3216
64377
54153
65531
61651
20279
54156
5153
8338
16138
62230
7380
52014
15059
53162
2567
65179
6132
51961
11018
55487
8821
44247
54148
61465
5975
47448
3270
57408
13540
63859
60513
64151
5181
54152
9156
2044
7193
3511
1139
12728
11985
52347
62064
1086
0539
0201
54217
65102
8637
57241
61194
62598
53252
58023
56743
62267
6261
53045
65089
11778
4544
61076
62022
60202
16453
59553
0972
6872
10242
65453
12026
57317
9684
49455
62422
0305
4691
46450
6158
56252
14357
50129
54371
55869
6043
46911
6774
54144
11346
63619
4625
3048
10541
47837
8459
0953
9697
63915
63898
7300
18650
56002
63845
61236
61263
63017
55680
60900
3336
54832
63324
6103
55558
57260
52430
64061
6277
56994
57421
13779
4718
6968
64054
63498
7328
63865
61584
11361
0241
64424
7345
2449
7693
53955
51079
1717
0527
49842
62966
55920
9091
61291
57378
60577
1085
47625
6110
59564
6515
61992
3039
9501
17927
50908
4360
64317
8438
64541
61308
65019
15652
58191
3593
63702
57560
57562
55648
60615
1901
50065
58721
10505
62679
63008
52118
62418
4910
62720
54867
13156
64108
11375
2972
7240
2228
65206
53787
16923
60118
63375
61081
7029
5315
0519
43988
3487
57538
56342
57201
59701
61979
2259
57102
8489
64930
51499
64490
2480
2885
0151
59377
10838
18907
61496
3218
0142
0987
0663
60173
62783
7450
54545
2974
5649
59934
55487
52645
59385
4011
50027
53419
7051
0036
4265
60068
62851
2959
63929
56834
14543
60126
5955
2881
13949
5752
2267
47246
16221
58769
64419
53149
3373
63658
9241
45375
8734
51075
58418
53939
1976
53530
3325
50231
18639
2934
61273
57821
7792
63885
8352
52943
9214
10528
3002
3989
8608
59537
0250
56487
0151
2469
50544
59388
8745
64127
60782
52522
56713
4165
53668
53773
3057
62505
3529
4173
2540
6295
61374
58071
15222
63832
63947
64775
9673
11216
6386
49244
10436
58553
62543
54846
63785
56267
5880
49180
14486
54995
56931
52124
6277
54561
4255
43975
17114
5704
5742
59746
11258
58769
12751
52946
9782
1405
0477
0226
17758
59481
1168
50897
1139
1601
52109
50226
5003
62276
1681
58494
58168
2382
55565
57170
4821
60828
61818
6534
6365
15112
61972
58764
11334
4858
60180
64918
63637
10673
5295
58497
6491
61340
54504
60955
60946
56953
60599
49818
12256
1750
56810
55884
3176
60299
5453
47425
8565
5041
5749
2347
15548
59360
9625
55326
10546
0906
59407
57567
17367
62978
5023
50462
63700
0574
56135
48766
1578
55466
0604
64490
64997
4423
56220
57862
9223
64938
57418
2698
2881
20461
1656
62860
6639
7522
57818
4721
56039
5929
61565
64371
5571
4269
46265
65045
57685
65036
53497
50517
0569
11446
57027
1874
64245
0463
2576
58914
2280
6622
60328
7233
16706
2791
4452
58256
5759
7407
55736
53381
7295
62608
5538
57767
61757
65452
56205
52509
3482
53010
58986
63882
4099
10983
60747
57047
10813
4513
60117
1091
62060
15830
4592
2616
7719
7313
54171
8022
56877
3778
52219
60406
2302
13017
45466
2192
53753
5649
53892
56089
55371
12723
52748
13416
65307
7072
62184
3063
0109
14506
49492
5686
9710
12052
2194
64520
62423
12693
54050
57691
63563
58885
62639
65266
62810
4256
53435
55133
6648
59033
54980
60120
0673
14608
2798
59921
11164
5498
64246
4401
61799
6594
1141
1115
12893
8590
52976
4614
60823
4278
52552
52334
61344
12580
50376
5479
55221
4724
57387
62948
55745
10728
46181
14292
4318
14165
60991
6048
64053
22675
48342
3369
64753
11688
65509
7182
57637
13962
50735
63910
62391
58925
50805
65341
61709
12118
54282
56656
6232
1594
57700
61786
60001
10736
5779
65119
14675
5199
64424
6856
2529
2371
62682
56743
13722
9487
57609
64691
63497
1490
61185
48824
59022
2714
53231
5347
65075
1103
61744
63571
65059
11361
46694
4660
6464
14998
2241
5740
63771
22542
54577
3611
62024
2859
59787
8902
59891
14333
48645
63753
0477
64156
46875
60980
55795
14802
59376
60573
5305
5103
61442
3938
60307
5320
1368
65297
18823
8383
63226
4951
7239
3966
65016
47714
7745
4691
62756
62894
1513
60273
3004
49896
0007
59882
52557
62947
10540
64995
3887
58406
8304
12406
57743
60843
7252
5201
9827
4510
3392
14988
60695
1655
4893
60786
55147
65264
62951
13544
53323
58289
3472
1856
53360
60368
51923
8453
62471
64448
9186
5875
61800
9571
1767
6147
62708
58993
16701
12249
64422
3022
6213
4598
5170
48009
2207
61952
60342
62605
6995
56499
4579
50361
8849
61420
54408
52558
13699
63171
13370
55663
12509
9714
4948
58970
12556
57698
10457
64962
11620
8201
64907
59252
15404
58967
58534
53161
61856
6969
62398
54001
6891
64172
61793
64292
57686
0644
61458
61847
15339
8267
62153
8741
7439
11170
0555
54242
8698
10387
64682
4743
3927
1827
6006
54417
2672
59764
51768
59143
8783
59463
4057
50527
10488
3769
60825
50932
10283
58862
16401
59200
14479
6584
9069
61111
21360
53736
6207
56106
13562
5613
3639
50759
18729
58705
1707
49687
60509
61253
1339
52028
13112
59902
65194
0810
4001
0232
62642
53713
16469
10194
0313
6143
8034
12186
7904
57044
3712
4162
58932
5800
4183
0246
1050
58203
4749
1924
46718
55301
2683
63767
3746
55439
4988
10188
65020
60642
8698
57336
8718
64031
13884
9525
4808
62027
24477
61101
3780
51820
5225
3554
5138
49419
15552
57165
5038
55931
63940
55343
63751
48841
17645
61393
65386
64621
11137
5606
4761
49803
12236
7244
2939
6380
7824
7533
10397
62518
6497
2148
50619
0942
3551
1721
62633
57677
1942
11469
49583
58120
60431
63773
0359
64397
65529
14144
61702
6393
11450
64959
63424
0424
6693
17068
64684
63199
17204
4892
2915
59014
59892
0904
64039
53981
11064
58586
63908
63516
2879
61727
60095
45962
13994
1345
0052
65012
9608
8923
12742
55770
10023
2611
64326
6473
9515
3508
6746
62666
10637
7342
48650
59400
64326
1010
62843
57791
61938
13862
54330
1195
61068
62597
58926
4020
64297
18783
55915
9935
12840
12067
59949
2852
60284
20629
60185
1764
6480
8481
63218
6514
55682
2723
52077
56847
5633
0369
54164
1964
0918
8637
61922
50248
4835
4930
63228
5314
5459
8426
12466
65121
12940
4588
56693
2525
8843
3291
3121
58214
8294
12348
54354
58247
60465
60482
62786
59607
60681
10420
55095
5918
4942
0569
55884
1729
63388
22018
55897
6897
10084
17886
63980
9133
53769
16816
54921
4328
1407
7898
53729
12787
57258
10595
46023
55926
63244
7756
49230
5054
59194
15327
0112
62303
0407
6975
55948
10953
3842
8992
5313
2942
14532
13790
54153
63871
2894
2348
2011
56029
1379
10451
59056
63010
64415
55070
59842
58563
64087
8082
54866
1375
13601
6367
62900
63846
62027
18279
61379
2799
8699
12069
1744
13854
59144
11512
51283
64250
2133
6519
48279
7986
58080
16185
51957
56199
57697
7871
48738
8601
55971
13172
65445
6450
4873
12366
49661
10282
2776
11519
0201
0183
9120
20469
57821
0127
63053
63079
64832
57495
62714
5148
56643
65134
7912
57366
59066
54235
0329
8080
58795
59221
15578
6515
8764
0313
65291
9119
0119
63372
13147
2026
0671
9126
4228
9470
55731
52853
3489
2297
51610
64732
57684
10853
63051
59136
62332
2839
49376
7859
61310
8259
63734
4779
11238
19662
52640
6089
0508
10163
0727
63027
1200
17366
59902
5301
65408
59262
59262
57345
62309
3592
51753
60405
12186
64357
64683
53791
64087
6576
64383
56527
14812
0225
13025
4618
8883
3867
1306
55419
18551
61743
64997
62698
8643
6925
2126
45591
5086
59133
57933
58789
61285
63559
3834
58674
10056
0958
53059
0509
4031
4432
1694
60915
12372
20437
63022
4739
1659
2500
2172
61677
64283
8945
56035
4459
7130
61410
56959
54113
60848
5468
51480
54868
8495
1474
5698
61497
64275
4378
65343
58243
15948
61526
7349
4270
15333
7131
3641
48614
17584
60127
0235
54497
4715
64995
10572
46701
10054
52390
59728
55243
3274
54823
4612
51513
19915
4205
62537
59080
9045
65133
9594
54179
10444
11753
4221
5202
9815
60738
1445
57676
1335
3647
51715
60553
9904
65280
61929
53663
57848
5294
54790
54889
4167
63608
4626
5264
3625
7374
62446
59137
16281
64885
64994
0279
10707
12243
7407
50258
11444
59554
63538
55834
64767
57242
6848
50141
15440
55942
57872
53058
7205
55481
5169
44882
18015
6598
6629
60626
12131
59635
13611
53798
10628
2243
1309
1051
18575
60292
1971
51693
1928
2383
52884
50993
5763
63030
2427
59233
58900
3107
56282
57880
5524
61524
62506
7215
7039
15779
62631
59416
11978
5495
60810
0005
64252
11280
5895
59090
7077
61918
55074
61518
61502
57501
61140
50351
12781
2268
57320
56387
3672
60787
5933
47898
9030
5499
6199
2789
15982
59787
10044
55738
10950
1303
59795
57948
17740
63343
5381
50812
64042
0908
56462
49086
1890
55770
0900
64778
65277
4696
56485
58120
9473
65180
57652
2924
3100
20671
1859
63055
6826
7701
57989
4885
56195
6077
61705
64504
5696
4386
46374
65147
57778
65122
53574
50587
0631
11500
57073
1912
64275
0486
2591
58921
2279
6613
60312
7208
16673
2751
4404
58200
5695
7335
55657
53293
7200
62505
5427
57649
61630
65317
56063
52359
3325
52844
58813
63701
3910
10786
60543
56834
10592
4285
59881
0847
61809
15571
4325
2341
7436
7022
53873
7716
56563
3457
51891
60069
1958
12665
45106
1825
53377
5266
53501
55691
54965
12310
52327
12987
64870
6628
61732
2604
65179
14031
49010
5197
9213
11547
1682
64000
61896
12158
53508
57142
63006
58320
62067
64686
62223
3662
52833
54523
6031
58409
54349
59481
0027
13954
2137
59253
10488
4816
63556
3704
61094
5882
0422
0389
12159
7850
52228
3859
60061
3509
51775
51551
60554
11782
49571
4667
54403
3898
56555
62109
54898
9874
45320
13424
3444
13284
60103
5153
63151
21767
47426
2447
63824
10752
64566
6232
56681
12999
49765
62934
61409
57936
49809
64339
60700
11102
53260
55627
5197
0552
56652
60731
58941
9669
4705
64039
13588
4106
63325
5751
1417
1254
61558
55613
12586
8345
56461
63536
62336
0323
60013
47646
57837
1523
52034
4144
63867
65424
60524
62345
63828
10124
45450
3411
5209
13737
0975
4469
62493
21259
53288
2317
60725
1554
58476
7586
58569
13006
47312
62415
64670
62808
45521
59621
54430
13433
58001
59193
3920
3713
60047
2538
58902
3910
65489
63876
17398
6953
61791
3511
5795
2517
63562
46255
6281
3223
61283
61416
0031
58786
1513
48400
64042
58377
51048
61433
9021
63473
2360
56875
6769
10866
56199
59295
5700
3645
8267
2946
1823
13416
59119
0075
3309
59198
53555
63668
61351
11940
51716
56678
1857
0237
51738
58743
50294
6821
60835
62808
7543
4229
60150
7917
0110
4486
61045
57326
15031
10576
62745
1342
4530
2913
3482
46317
0512
60254
58642
60902
5289
54790
2867
48646
7132
59700
52685
50833
11972
61441
11637
53928
10771
7974
3206
57225
10808
55949
8706
63208
9864
6442
63146
57489
13640
57201
56765
51390
60083
5194
60622
52223
5111
62390
60009
62507
55899
64391
59668
60055
13545
6472
60357
6943
5640
9369
64289
52439
6893
8581
62875
2935
2117
0016
4195
52605
0858
57950
49952
57326
6965
57645
2238
48707
8668
1948
59003
49110
8460
57038
14577
57375
12654
4758
7243
59284
19533
51909
4380
54278
11734
3786
1811
48931
16901
56877
65415
47859
58681
59425
65047
50200
11284
58075
63367
64520
2174
63942
60816
51888
14644
8370
64026
4320
6212
10364
6083
55224
1892
2343
57114
3983
2367
63967
64771
56389
2936
0112
44907
53492
0875
61960
1940
53634
3185
8386
63219
58843
6900
55539
6923
62238
12092
7735
3019
60240
22691
59317
1997
50040
3446
1778
3364
47646
13781
55396
3271
54166
62177
53582
61992
47084
15890
59641
63636
62873
9391
3863
3021
48065
10500
5511
1208
4652
6099
5810
8677
60800
4782
0436
48910
64771
1847
0020
60935
55981
0250
9780
47897
56437
58751
62096
64221
62726
63861
12480
60041
4735
9795
63308
61776
64316
5053
15431
63050
61569
15578
3269
1296
57399
58281
64832
62434
52380
9468
56993
62319
61930
1297
60150
58521
44392
12429
65320
64031
63459
8059
7378
11202
54234
8491
1083
62803
4954
8001
1998
5240
61165
9141
5850
47162
57917
62847
65072
61374
56327
60478
12407
52879
65286
59627
61161
57494
2594
62876
17367
54504
8529
11439
10671
58558
1466
58903
19253
58814
0398
5120
7126
61869
5170
54343
1389
50749
55525
4316
64594
52858
0663
65158
7347
60638
48970
3562
3663
61966
4058
4209
7181
11227
63888
11713
3367
55478
1315
7640
2094
1929
57029
7114
11174
53186
57085
59309
59333
61643
58470
59550
9295
53976
4806
3836
65005
54791
0641
62306
20943
54829
5835
9028
16837
62938
8097
52739
15793
53904
3318
0403
6900
52738
11803
56281
9624
45058
54968
62293
6812
48293
4124
58270
14410
64738
61400
65047
6085
55065
10077
2973
8130
4457
2094
13691
12955
53326
63051
2081
1542
1212
55237
0595
9673
58285
62246
63658
54321
59100
57828
63359
7361
54153
0669
12902
5676
62216
63169
61357
17616
60724
2151
8058
11436
1118
13236
58534
10909
50687
63662
1552
5946
47712
7427
57529
15641
51421
55670
57175
7357
48232
8102
55479
12689
64969
5982
4412
11913
49215
9844
2346
11097
65322
65312
8721
20077
57436
65287
62684
62718
64479
57149
62375
4817
56320
64819
7605
57066
58774
53951
0053
7811
58535
58968
15332
6278
8535
0091
65077
8913
65457
63182
12965
1851
0504
8967
4077
9327
55595
52725
3369
2185
51506
64635
57595
10772
62977
59070
62275
2789
49334
7825
61284
8241
63723
4776
11243
19675
52662
6118
0545
10207
0780
63088
1268
17442
59986
5393
65507
59370
59377
57468
62440
3731
51900
60560
12349
64528
64861
53976
64280
6777
64592
56744
15037
0457
13265
4866
9139
4131
1577
55698
18838
62037
65299
63008
8961
7251
2459
45932
5435
59490
58297
59161
61664
63946
4229
59077
10467
1375
53484
0942
4472
4880
2150
61379
12843
20916
63509
5233
2160
3009
2688
62201
64814
9484
56582
5013
7692
61979
57535
54697
61439
6067
52086
55481
9116
2103
6334
62140
64926
5036
0472
58915
16627
62213
8043
4972
16041
7847
4364
49345
18321
60872
0987
55256
5482
0232
11352
47488
10849
53192
60536
56059
4097
55652
5449
52357
20766
5062
63402
59952
9923
0482
10486
55078
11350
12665
5140
6128
10748
61678
2391
58629
2295
4613
52689
61533
10891
0737
62929
54669
58861
6313
55816
55922
5206
64654
5678
6322
4689
8445
63523
60221
17371
0445
0560
1388
11822
13364
8534
51392
12583
60699
64690
56992
0395
58412
8024
51323
16628
57136
59072
54264
8417
56699
6393
46112
19250
7839
7875
61878
13389
60899
14880
55073
11908
3529
2601
2348
19878
61600
3285
53013
3253
3713
54220
52334
7109
64381
3784
60595
60267
4479
57660
59263
6912
62917
63904
8618
8447
17192
64049
60839
13406
6928
62247
1447
0164
12733
7352
60552
8543
63389
56550
62999
62987
58991
62634
51849
14284
3775
58832
57903
5192
62312
7462
49431
10568
7041
7746
4340
17537
61345
11607
57305
12521
2878
61374
59531
19327
64934
6976
52411
0108
2514
58071
50699
3507
57391
2524
0870
1373
6331
58124
59762
11118
1292
59304
4579
4759
22333
3524
64724
8498
9376
59668
6566
57880
7765
63395
0661
7392
6085
48076
1315
59486
1296
55288
52303
2350
13221
58797
3639
0468
2217
4325
60657
4018
8354
62056
8954
18422
4502
6157
59956
7453
9095
57418
55057
8966
64273
7197
59420
63404
1557
57840
54138
5106
54627
60597
65487
5698
12575
62334
58627
12386
6081
61678
2646
63609
17372
6128
4145
9241
8829
55680
9525
58373
5268
53703
61882
3772
14480
46922
3642
55195
7084
55321
57511
56786
14131
54149
14810
1158
8452
63556
4429
1468
15857
50836
7023
11040
13374
3509
0292
63724
13986
55336
58970
64834
60149
63895
0979
64051
5490
54660
56351
7859
60237
56176
61307
1853
15780
3963
61078
12313
6640
65380
5527
62917
7704
2243
2209
13978
9668
54046
5676
61877
5324
53590
53364
62366
13593
51381
6476
56210
5705
58360
63913
56701
11676
47120
15223
5241
15080
61897
6946
64942
23556
49214
4233
0072
12535
0811
8012
58458
14775
51539
64706
63179
59704
51575
0566
62462
12862
55018
57383
6950
2303
58401
62478
60685
11410
6445
0240
15323
5838
65054
7477
3141
2975
63277
57329
14300
10055
58169
65241
64039
2022
61709
49339
59527
3211
53719
5826
0009
1564
62196
64014
65493
11786
47109
5067
6861
15386
2621
6111
64132
22894
54920
3945
62349
3175
60094
9200
60179
14612
48915
64014
0729
64399
47108
61204
56010
15008
59572
60760
5483
5272
61602
4088
60449
5452
1491
65410
18928
8478
63312
5027
7307
4025
65065
47754
7775
4713
62768
62896
1507
60257
2980
49862
65500
59830
52496
62876
10459
64906
3788
58298
8187
12280
57608
60699
7098
5038
9655
4329
3201
14788
60486
1437
4666
60550
54902
65009
62687
13271
53041
57997
3171
1546
53041
60040
51586
8107
62116
64084
8812
5493
61408
9170
1357
5728
62280
58556
16255
11794
63957
2548
5731
4107
4670
47500
1689
61425
59806
62060
6441
55936
4007
49780
8259
60822
53800
51942
13074
62537
12727
55012
11849
9045
4271
58284
11860
56994
9745
64241
10890
7462
64160
58496
14640
58194
57752
52371
61057
6161
61582
53176
6058
63330
60942
63433
56819
65304
60574
60954
14438
7358
61236
7815
6505
10227
65140
53283
7731
9411
63698
3751
2927
0818
4990
53393
1639
58724
50719
58086
7718
58390
2976
49438
9392
2664
59713
49812
9155
57726
15257
58048
13320
5416
7894
59928
20169
52538
5001
54892
12341
4385
2403
49515
17478
57447
0441
48413
59228
59964
0043
50724
11801
58584
63869
65014
2661
64421
61287
52352
15101
8818
64467
4753
6638
10783
6494
55627
2288
2730
57494
4355
2731
64324
65120
56730
3270
0438
45225
53802
1178
62255
2228
53913
3457
8650
63475
59091
7141
55772
7148
62455
12302
7936
3213
60426
22869
59487
2160
50194
3593
1917
3495
47770
13896
55504
3371
54258
62261
53659
62061
47145
15943
59686
63674
62902
9413
3877
3027
48063
10490
5493
1182
4619
6057
5761
8620
60735
4709
0355
48822
64675
1743
65445
60815
55854
0114
9637
47746
56278
58584
61921
64039
62536
63663
12274
59828
4514
9566
63071
61532
64064
4792
15163
62775
61286
15286
2970
0989
57084
57958
64502
62096
52035
9114
56632
61950
61554
0914
59758
58122
43985
12014
64897
63601
63022
7614
6926
10741
53766
8016
0600
62312
4456
7495
1484
4719
60637
8605
5306
46611
57359
62281
64498
60793
55739
59882
11804
52269
64668
59002
60529
56855
1947
62221
16705
53834
7853
10755
9980
57860
0760
58190
18533
58087
65200
4378
6378
61113
4407
53572
0612
49964
54733
3518
63788
52045
65380
64331
6513
59797
48122
2707
2801
61098
3183
3326
6292
10331
62986
10804
2450
54554
0385
6703
1150
0978
56072
6151
10204
52209
56102
58319
58336
60639
57460
58534
8272
52947
3770
2793
63956
53735
65115
61238
19868
53748
4748
7935
15737
61832
6985
51621
14668
52773
2181
64796
5751
51583
10642
55113
8450
43879
53783
61102
5614
47090
2915
57055
13189
63511
60167
63808
4841
53815
8822
1712
6863
3185
0815
12407
11666
52031
61751
0775
0231
65431
53915
64803
8340
56946
60902
62309
52966
57740
56463
61989
5986
52772
64819
11511
4280
60815
61763
59946
16200
59303
0725
6628
10000
65214
11790
57083
9454
49227
62198
0083
4472
46234
5945
56042
14149
49924
54169
55670
5847
46717
6584
53956
11161
63437
4446
2872
10368
47667
8292
0789
9536
63756
63742
7147
18500
55855
63701
61095
61125
62882
55548
60771
3209
54709
63203
5986
55443
57148
52321
63956
6174
56894
57324
13685
4627
6881
63970
63416
7249
63790
61511
11291
0174
64360
7284
2391
7638
53903
51030
1671
0484
49802
62929
55886
9060
61263
57353
60555
1067
47609
6097
59554
6508
61988
3038
9503
17932
50916
4371
64331
8455
64561
61331
65045
15681
58223
3628
63740
57601
57606
55695
60665
1954
50121
58780
10567
62744
63076
52189
62492
4987
62800
54950
13242
64196
11467
3066
7338
2329
65310
53893
17032
60230
63491
61199
7150
5439
0646
44118
3621
57674
56481
57343
59846
62127
2409
57256
8645
65090
51662
64655
2648
3056
0325
59554
11018
19090
61682
3407
0333
1181
0861
60374
62986
7656
54754
3185
5864
60151
55707
52868
59611
4239
50259
53654
7289
0276
4507
60314
63100
3210
64183
57091
14803
60389
6220
3149
14220
6025
2544
47525
16502
59053
64706
53439
3666
63954
9539
45676
9037
51381
58727
54250
2290
53847
3645
50553
18964
3262
61603
58154
8127
64223
8693
53286
9560
10877
3353
4343
8965
59896
0611
56851
0518
2838
50916
59762
9122
64506
61164
52906
57100
4554
54060
54167
3454
62904
3930
4577
2946
6704
61785
58485
15638
64251
64369
65199
10099
11645
6817
49677
10871
58990
62983
55289
64230
56714
6329
49631
14939
55451
57389
52584
6740
55026
4723
44445
17586
6178
6218
60224
11739
59252
13236
53433
10272
1896
0971
0722
18256
59981
1670
51401
1645
2109
52619
50738
5517
62792
2199
59014
58690
2906
56091
57698
5351
61360
62352
7070
6903
15652
62514
59308
11879
5405
60729
65469
64190
11227
5851
59055
7051
61902
55068
61521
61513
57522
61170
50390
12830
2325
57387
56463
3757
60882
6037
48011
9152
5631
6340
2939
16141
59955
10222
55925
11146
1508
60010
58171
17973
63585
5632
51073
64312
1187
56749
49382
2196
56085
1224
65111
0084
5048
56846
58490
9852
0032
58049
3330
3515
21095
2292
63497
7278
8162
58459
5363
56683
6574
62210
65018
6219
4918
46915
0161
58337
0154
54151
51172
1226
12103
57685
2533
64905
1124
3238
59577
2944
7287
60995
7900
17374
3460
5122
58927
6430
8079
56409
54054
7970
63283
6214
58444
62434
0594
56884
53189
4163
53690
59668
64564
4782
11666
61431
57731
11498
5199
60803
1778
62748
16518
5281
3305
8408
8003
54861
8713
57568
4470
52912
61098
2995
13710
46159
2886
54447
6343
54587
56784
56066
13419
53444
14112
0467
7769
62880
3760
0807
15203
50189
6384
10408
12750
2892
65218
63121
13391
54749
58390
64261
59584
63337
0428
63508
4954
54133
55831
7346
59731
55678
60817
1371
15305
3495
60618
11861
6195
64943
5098
62495
7290
1836
1810
13587
9285
53670
5308
61517
4972
53245
53027
62036
13272
51067
6170
55912
5414
58077
63637
56433
11416
46868
14979
5004
14851
61676
6733
64737
23359
49024
4051
65435
12369
0653
7861
58316
14640
51412
64587
63067
59601
51479
0479
62382
12790
54953
57327
6902
2262
58368
62453
60668
11401
6443
0246
15337
5860
65084
7515
3187
3029
63338
57398
14377
10140
58261
65342
64147
2139
61833
49471
59667
3358
53874
5989
0180
1743
62382
64208
0160
11996
47327
5293
7095
15627
2870
6368
64397
23166
55200
4233
62645
3478
60405
9519
60506
14947
49257
64364
1086
64764
47481
61585
56398
15404
59976
61172
5902
5698
62036
4530
60898
5910
1956
0346
19408
8965
63807
5530
7817
4542
0054
48286
8316
5260
63323
63459
2077
60835
3565
50455
0563
60437
53110
63498
11089
0006
4433
58950
8846
12946
58281
61379
7786
5734
10357
5039
3918
15513
61218
2175
5412
61303
55662
0240
63461
14052
53829
58793
3974
2356
53858
60864
52417
8945
62960
64935
9671
6358
62281
10049
2244
6621
63180
59463
17169
12714
64885
3482
6671
5055
5624
48460
2656
62399
60787
63047
7435
56937
5014
50794
9279
61848
54833
52982
14120
63590
13786
56077
12920
10123
5355
59374
12957
58097
10854
65356
12012
8590
65294
59636
15786
59347
58911
53535
62227
7338
62765
54365
7253
64531
62149
64646
58038
0993
61804
62190
15679
8605
62489
9074
7770
11497
0880
54565
9018
10704
64996
5055
4236
2133
6310
54718
2970
60060
52060
59433
9070
59748
4339
50806
10765
4043
61096
51200
10548
59125
16661
59457
14734
6835
9318
61356
21603
53976
6444
56340
13794
5842
3865
50982
18949
58923
1922
49899
60718
61459
1543
52228
13309
60096
65386
0999
4187
0415
62822
53890
16644
10365
0482
6309
8197
12346
8061
57198
3863
4310
59077
5943
4322
0383
1183
58333
4877
2048
46839
55420
2799
63880
3856
55545
5092
10289
65118
60737
8790
57425
8804
64114
13964
9602
4882
62098
24545
61166
3842
51879
5281
3608
5189
49466
15596
57207
5076
55966
63972
55372
63777
48864
17665
61410
65401
64632
11145
5611
4764
49803
12232
7237
2929
6368
7808
7514
10375
62493
6469
2117
50586
0905
3511
1679
62587
57628
1890
11415
49525
58060
60368
63706
0289
64324
65453
14066
61621
6308
11362
64868
63330
0328
6594
16965
64579
63091
17093
4778
2798
58894
59769
0778
63910
53849
10930
58448
63767
63372
2732
61578
59942
45806
13836
1184
65424
64845
9438
8750
12566
55592
9842
2426
64139
6283
9322
3312
6547
62465
10433
7134
48440
59187
64110
0791
62621
57567
61710
13632
54097
0959
60829
62355
58681
3773
64047
18530
55659
9677
12579
11803
59683
2583
60012
20354
59907
1483
6196
8195
62930
6223
55387
2426
51777
56545
5328
0062
53854
1651
0602
8319
61601
49924
4508
4601
62896
4980
5122
8086
12124
64776
12593
4238
56340
2169
8486
2931
2758
57849
7926
11977
53981
57871
60086
60101
62403
59222
60293
10029
54702
5522
4544
0169
55481
1323
62980
21607
55485
6482
9666
17466
63558
8708
53342
16387
54489
3894
0970
7459
53287
12343
56812
10146
45572
55473
62789
7298
48771
4593
58730
14861
65179
61833
65470
6500
55470
10474
3360
8509
4826
2453
14041
13297
53658
63375
2396
1847
1508
55524
0872
9942
58544
62497
63899
54553
59322
58041
63563
7556
54339
0846
13070
5834
62365
63309
61488
17738
60837
2254
8152
11521
1194
13302
58591
10956
50726
63691
1572
5957
47714
7420
57512
15615
51386
55625
57122
7294
48160
8021
55389
12589
64860
5863
4285
11776
49069
9689
2182
10923
65139
65120
8519
19867
57217
65058
62446
62471
64222
56883
62101
4534
56027
64517
7294
56746
58445
53613
65242
7454
58169
58593
14948
5885
8133
65216
64657
8483
65018
62734
12508
1386
0030
8483
3585
8825
55084
52205
2840
1648
50960
64080
57031
10199
62396
58480
61675
2181
48717
7199
60649
7597
63071
4115
10573
18996
51974
5422
65376
9494
0057
62357
0528
16694
59228
4627
64733
58587
58585
56668
61631
2914
51074
59725
11506
63676
64001
53108
63404
5892
63698
55842
14126
65074
12338
3931
8195
3179
0617
54729
17861
61052
64306
62007
7951
6233
1433
44898
4393
58440
57239
58095
60590
62864
3139
57979
9361
0262
52363
65349
3335
3735
0997
60218
11675
19739
62325
4042
0961
1802
1474
60979
63584
8247
55337
3761
6432
60712
56261
53414
60149
4770
50782
54170
7797
0776
5001
60799
63578
3681
64646
57546
15251
60829
6652
3574
14637
6435
2946
47919
16889
59432
65077
53803
4022
64302
9879
46008
9362
51699
59037
54552
2584
54133
3923
50824
19227
3517
61850
58393
8359
64447
8909
53495
9760
11069
3538
4520
9134
60057
0765
56997
0656
2969
51038
59876
9229
64605
61255
52989
57176
4622
54119
54219
3498
62940
3959
4597
2959
6709
61782
58474
15619
64224
64334
65156
10049
11586
6751
49604
10790
58901
62886
55183
64117
56593
6200
49495
14795
55299
57229
52416
6565
54842
4531
44246
17379
5964
5996
59994
11501
59006
12983
53172
10002
1619
0686
0430
17955
59673
1354
51078
1314
1770
52273
50384
5155
62423
1822
58629
58298
2506
55683
57283
4928
60929
61913
6624
6449
15191
62045
58831
11395
4914
60230
64962
63676
10705
5322
58519
6507
61350
54508
60954
60939
56940
60581
49794
12226
1714
56768
55837
3123
60241
5389
47355
8489
4960
5662
2254
15449
59255
9515
55211
10425
0779
59274
57429
17223
62828
4868
50301
63533
0401
55957
48583
1389
55272
0403
64284
64785
4206
55997
57634
8989
64698
57173
2447
2625
20198
1388
62587
6360
7238
57528
4425
55738
5622
61252
64053
5248
3940
45930
64705
57340
64685
53140
50155
0202
11073
56648
1490
63855
0068
2176
58508
1869
6205
59907
6805
16273
2353
4009
57807
5305
6947
55271
52910
6820
62127
5052
57276
61260
64950
55698
51996
2964
52486
58458
63348
3560
10439
60198
56492
10253
3949
59547
0516
61480
15244
4002
2020
7118
6707
53560
7406
56256
3152
51588
59770
1661
12371
44815
1536
53092
4983
53221
55413
54690
12038
52058
12721
64607
6367
61474
2348
64926
13781
48763
4952
8972
11309
1446
63767
61666
11931
53284
56920
62787
58105
61854
64476
62015
3457
52631
54325
5836
58216
54159
59294
65379
13773
1959
59077
10316
4646
63389
3540
60933
5724
0267
0236
12010
7703
52084
3718
59923
3374
51644
51422
60428
11659
49451
4550
54289
3787
56447
62003
54796
9775
45224
13331
3353
13197
60018
5072
63073
21691
47354
2377
63757
10689
64506
6175
56626
12948
49717
62889
61366
57896
49772
64305
60669
11075
53236
55606
5179
0537
56639
60722
58934
9665
4705
64041
13594
4115
63337
5765
1435
1274
61581
55639
12616
8377
56496
63575
62378
0367
60060
47696
57890
1580
52094
4207
63932
65493
60595
62419
63905
10204
45534
3497
5298
13829
1070
4567
62594
21363
53395
2427
60838
1670
58595
7708
58694
13134
47443
62549
64807
62947
45663
59766
54579
13584
58155
59350
4080
3876
60213
2707
59074
4085
0130
64057
17582
7139
61980
3703
5989
2715
63762
46458
6488
3432
61495
61631
0249
59007
1736
48627
64271
58609
51283
61671
9262
63716
2606
57124
7021
11121
56456
59555
5963
3911
8535
3217
2097
13692
59398
0357
3594
59486
53846
63961
61647
12239
52017
56981
2163
0547
52050
59057
50611
7141
61157
63134
7871
4559
60483
8253
0449
4827
61389
57673
15380
10927
63099
1699
4890
3275
3846
46684
0882
60627
59016
61279
5668
55173
3252
49033
7521
60092
53080
51230
12371
61843
12041
54335
11180
8385
3620
57642
11227
56370
9130
63634
10292
6873
63580
57925
14078
57641
57208
51835
60530
5644
61074
52677
5568
62848
60470
62970
56365
64859
60138
60527
14020
6949
60836
7424
6123
9854
64776
52929
7385
9075
63370
3433
2618
0518
4699
53111
1367
58460
50465
57841
7482
58164
2759
49229
9192
2474
59532
49640
8992
57573
15113
57913
13194
5300
7787
59830
20081
52458
4931
54831
12289
4342
2369
49491
17463
57441
0445
48426
59250
59995
0084
50774
11860
58652
63946
65101
2757
64526
61402
52475
15234
8960
64618
4914
6807
10962
6682
55824
2494
2946
57719
4589
2974
64576
65382
57001
3550
0727
45523
54109
1494
62580
2562
54257
3809
9012
63846
59472
7530
56171
7555
62872
12727
8371
3656
60878
23331
59958
2640
50683
4091
2423
4011
48294
14430
56047
3922
54818
62830
54237
62648
47741
16548
60299
64296
63534
10053
4526
3684
48730
11165
6177
1875
5320
6767
6480
9347
61472
5454
1109
49584
65446
2522
0697
61612
56659
0928
10459
48576
57118
59432
62778
64903
63409
64545
13164
60726
5420
10481
63994
62463
65004
5741
16119
63739
62259
16268
3960
1987
58090
58972
65524
63127
53073
10161
57687
63013
62625
1992
60845
59216
45088
13125
0480
64727
64156
8755
8075
11899
54931
9189
1781
63501
5652
8699
2696
5938
61863
9839
6548
47861
58616
63546
0234
62072
57025
61176
13105
53578
0448
60325
61859
58192
3292
63574
18064
55201
9226
12135
11367
59255
2162
59599
19949
59510
1093
5814
7821
62563
5864
55036
2082
51441
56217
5008
65285
53549
1354
0312
8037
61327
49658
4250
4350
62653
4745
4894
7867
11912
64572
12397
4050
56160
1997
8321
2774
2608
57707
7792
11851
53863
57761
59984
60007
62316
59143
60222
9966
54647
5475
4504
0137
55457
1307
62972
21607
55492
6497
9690
17497
63597
8755
53397
16449
54560
3972
1056
7553
53389
12453
56930
10272
45705
55614
62938
7455
48935
4765
58910
15049
65375
62036
0145
6719
55697
10708
3603
8759
5084
2719
14315
13578
53947
63671
2700
2160
1828
55852
1208
10285
58895
62855
64266
54927
59704
58431
63960
7961
54751
1266
13497
6269
62808
63760
61946
18204
61310
2735
8641
12017
1697
13813
59109
11482
51259
64232
2121
6513
48278
7991
58091
16201
51979
56226
57730
7910
48783
8651
56027
13234
65512
6523
4952
12450
49751
10378
2878
11627
0314
0302
9245
20599
57956
0269
63200
63232
64991
57659
62883
5323
56824
65320
8105
57564
59270
54444
0544
8300
59022
59453
15815
6758
9013
0567
0015
9384
0390
63649
13429
2314
0964
9425
4533
9780
56046
53174
3815
2629
51948
65075
58033
11207
63410
59501
62703
3215
49758
8246
61703
8657
64137
5188
11652
20081
53066
6520
0944
10604
1174
63479
1657
17829
60370
5775
0350
59746
59751
57840
62809
4098
52263
60921
12707
64884
65215
54327
64629
7123
64935
57084
15375
0792
13598
5196
9466
4456
1899
56017
19155
62351
0075
63317
9267
7554
2760
46230
5730
59782
58587
59448
61948
64228
4508
59353
10740
1646
53752
1207
4734
5140
2406
61633
13094
21164
63754
5476
2400
3246
2922
62433
65043
9710
56805
5233
7909
62194
57747
54905
61645
6270
52286
55678
9310
2294
6522
62326
65108
5216
0649
59089
16798
62381
8208
5134
16201
8003
4518
49495
18469
61016
1129
55394
5617
0365
11482
47615
10973
53313
60655
56174
4209
55762
5556
52460
20866
5160
63497
60043
10012
0568
10569
55158
11426
12739
5211
6196
10813
61739
2450
58685
2347
4663
52735
61576
10931
0775
62963
54701
58890
6339
55839
55941
5222
64667
5689
6330
4694
8447
63522
60216
17364
0435
0547
1372
11803
13342
8509
51364
12552
60665
64652
56952
0351
58366
7974
51271
16573
57078
59011
54200
8350
56629
6320
46036
19171
7757
7790
61790
13298
60805
14783
54973
11806
3423
2492
2236
19763
61482
3164
52889
3126
3583
54087
52199
6971
64240
3640
60448
60117
4326
57504
59104
6750
62752
63737
8448
8274
17016
63870
60657
13221
6740
62057
1254
65503
12533
7149
60347
8335
63178
56336
62782
62767
58768
62409
51622
14054
3542
58596
57664
4950
62067
7215
49181
10315
6785
7487
4078
17272
61078
11337
57032
12246
2599
61093
59247
19040
64645
6684
52116
65347
2214
57769
50393
3199
57080
2211
0554
1054
6009
57799
59435
10789
0960
58970
4242
4419
21991
3179
64376
8148
9023
59312
6208
57519
7401
63029
0292
7021
5712
47700
0937
59105
0913
54902
51914
1959
12827
58401
3240
0067
1814
3919
60249
3607
7941
61640
8536
18002
4079
5732
59528
7023
8663
56984
54620
8527
63831
6753
58974
62956
1106
57387
53683
4648
54167
60135
65023
5231
12106
61862
58153
11911
5603
61198
2164
63125
16885
5639
3655
8749
8334
55183
9026
57872
4765
53197
61375
3262
13968
46408
3126
54678
6565
54799
56987
56260
13604
53620
14278
0624
7917
63019
3889
0927
15314
50291
6476
10492
12824
2957
65274
63168
13428
54777
58409
64271
59584
63328
0410
63481
4918
54087
55776
7282
59658
55595
60725
1269
15195
3376
60489
11723
6048
64786
4932
62320
7106
1643
1608
13376
9064
53440
5069
61268
4714
52978
52751
61751
12978
50764
5857
55590
5083
57737
63288
56075
11049
46492
14594
4610
14448
61264
6311
64307
22919
48576
3593
64968
11893
0168
7367
57813
14129
50892
64057
62529
59053
50923
65449
61808
12207
54361
56726
6292
1644
57740
61817
60023
10747
5781
65111
14657
5172
64387
6809
2472
2305
62606
56657
13627
9382
57494
64566
63363
1346
61032
48661
58849
2531
53039
5145
64864
0881
61513
63330
64809
11102
46424
4381
6175
14699
1933
5423
63443
22205
54230
3255
61659
2484
59402
8508
59487
13920
48222
63321
0035
63705
46414
60509
55315
14313
58877
60065
4787
4576
60905
3392
59752
4755
0794
64713
18230
7780
62614
4329
6609
3326
64367
47056
7077
4015
62069
62198
0809
59559
2281
49164
64801
59132
51797
62178
9762
64208
3091
57601
7490
11583
56911
60002
6402
4342
8959
3633
2505
14093
59791
0742
3971
59856
54208
64316
61993
12578
52348
57305
2480
0855
52350
59350
50896
7418
61427
63396
8125
4805
60722
8484
0672
5043
61596
57872
15572
11111
63276
1867
5050
3427
3991
46821
1011
60748
59130
61384
5766
55262
3334
49108
7588
60151
53130
51273
12406
61870
12061
54347
11184
8381
3608
57622
11200
56334
9086
63583
10233
6806
63505
57842
13987
57543
57102
51721
60408
5514
60936
52531
5414
62687
60301
62793
56180
64667
59938
60319
13804
6725
60604
7185
5876
9600
64514
52658
7107
8789
63077
3131
2309
0202
4374
52779
1027
58113
50109
57478
7111
57785
2373
48836
8791
2065
59115
49216
8560
57133
14666
57458
12732
4830
7309
59345
19588
51958
4423
54316
11766
3812
1831
48946
16910
56880
65413
47851
58667
59405
65022
50169
11248
58032
63319
64466
2115
63877
60745
51811
14562
8282
63932
4221
6107
10254
5967
55102
1765
2209
56975
3838
2216
63811
64610
56222
2763
65469
44723
53302
0679
61758
1733
53421
2967
8163
62989
58608
6660
55293
6671
61980
11829
7466
2745
59960
22406
59026
1701
49738
3139
1465
3045
47322
13451
55061
2930
53819
61825
53225
61629
46716
15516
59261
63252
62483
8996
3462
2614
47653
10083
5088
0780
4219
5660
5366
8227
60345
4322
65506
48439
64295
1365
65069
60443
55484
65283
9272
47383
55919
58227
61567
63687
62187
63316
11930
59486
4175
9230
62737
61201
63735
4467
14839
62454
60968
14971
2658
0679
56777
57654
64200
61797
51738
8821
56341
61662
61269
0631
59478
57845
43711
11743
64629
63335
62758
7353
6668
10486
53514
7766
0354
62068
4215
7257
1249
4486
60407
8378
5082
46390
57141
62066
64286
60583
55532
59678
11603
52071
64473
58809
60339
56668
1763
62041
16527
53659
7680
10585
9813
57696
0600
58033
18379
57935
65051
4232
6235
60973
4270
53438
0481
49836
54608
3395
63668
51929
65266
64221
6406
59692
48020
2608
2706
61005
3093
3239
6208
10250
62908
10729
2378
54485
0319
6640
1090
0921
56018
6100
10156
52164
56060
58280
58300
60606
57430
58507
8248
52926
3752
2778
63944
53726
65109
61235
19868
53751
4754
7944
15749
61847
7002
51642
14692
52800
2211
64829
5787
51621
10684
55158
8498
43930
53837
61159
5674
47153
2981
57124
13261
63586
60245
63889
4925
53902
8911
1804
6959
3283
0917
12511
11773
52141
61864
0892
0350
0018
54040
64931
8471
57080
61039
62449
53109
57886
56611
62140
6140
52930
64980
11675
4446
60984
61935
60121
16378
59484
0909
6814
10190
65406
11986
57282
9655
49431
62404
0292
4685
46449
6163
56263
14373
50151
54398
55902
6082
46955
6824
54200
11408
63686
4698
3127
10626
47927
8555
1055
9804
64028
64017
7424
18780
56138
63987
61383
61416
63175
55844
61070
3511
55013
63510
6296
55756
57463
52639
64276
6497
57220
57653
14016
4961
7217
64308
63758
7593
64136
61861
11643
0529
64717
7644
2753
8003
54270
51400
2043
0859
50180
63309
56268
9445
61650
57743
60947
1462
48006
6497
59956
6913
62395
3448
9915
18347
51333
4790
64753
8880
64988
61760
65477
16115
58659
4066
64181
58044
58051
56143
61115
2407
50576
59236
11026
63205
63539
52655
62960
5457
63272
55425
13718
64675
11948
3550
7823
2817
0263
54385
17526
60726
63989
61699
7653
5943
1153
44627
4131
58187
56995
57860
60365
62648
2932
57781
9172
0082
52192
65188
3183
3593
0863
60094
11560
19634
62228
3954
0883
1733
1414
60929
63543
8215
55314
3748
6428
60717
56275
53438
60182
4812
50833
54230
7867
0855
5089
60897
63684
3796
64771
57680
15394
60982
6814
3745
14817
6624
3144
48127
17106
59658
65312
54047
4276
64564
10151
46290
9653
51998
59345
54870
2911
54469
4268
51178
19590
3889
62232
58784
8758
64856
9327
53921
10196
11514
3992
4983
9606
60538
1255
57496
1164
3486
51564
60411
9772
65158
61816
53560
57755
5210
54716
54825
4113
63564
4591
5239
3609
7368
62450
59151
16304
64918
65037
0332
10769
12315
7488
50350
11545
59664
63658
55964
64906
57391
7007
50310
15619
56131
58069
53265
7422
55708
5406
45128
18270
6863
6903
60910
12426
59939
13924
54121
10960
2585
1661
1412
18946
60672
2361
52093
2337
2801
53313
51431
6211
63487
2894
59709
59385
3601
56786
58394
6047
62056
63048
7767
7600
16349
63211
60005
12577
6103
61427
0631
64888
11926
6549
59754
7750
62600
55766
62219
62212
58220
61868
51088
13528
3024
58085
57161
4455
61579
6734
48708
9850
6328
7037
3636
16838
60651
10918
56620
11842
2203
60704
58866
18667
64279
6326
51766
65004
1879
57441
50074
2887
56776
1914
0265
0773
5737
57534
59178
10539
0718
58736
4016
4200
21780
2976
64181
7961
8844
59140
6044
57363
7253
62889
0160
6896
5595
47591
0836
59012
0827
54824
51844
1897
12773
58354
3202
0037
1791
3904
60242
3608
7950
61657
8561
18034
4119
5780
59584
7086
8734
57063
54708
8622
63934
6864
59093
63082
1240
57529
53833
4806
54332
60309
65204
5420
12303
62067
58366
12131
5831
61434
2407
63376
17145
5906
3929
9031
8624
55481
9331
58185
5086
53526
61711
3607
14320
46768
3494
55053
6947
55190
57386
56666
14017
54041
14707
1061
8361
63471
4349
1394
15789
50773
6966
10989
13329
3469
0258
63695
13963
55319
58958
64828
60149
63901
0990
64068
5512
54689
56385
7899
60282
56227
61364
1916
15849
4037
61157
12398
6731
65476
5629
63025
7818
2362
2334
14109
9805
54188
5824
62031
5483
53754
53534
62542
13775
51568
6669
56409
5909
58570
64128
56922
11903
47352
15461
5485
15329
62152
7206
65208
23828
49491
4516
0361
12829
1111
8317
58769
15091
51861
65033
63512
60042
51919
0916
62817
13222
55383
57754
7327
2685
58788
62871
61083
11814
6854
0655
15743
6264
65485
7914
3583
3423
63730
57787
14763
10524
58643
0185
64523
2512
62204
49840
60033
3722
54235
6347
0536
2096
62733
64556
0505
12339
47668
5630
7430
15960
3199
6695
64721
23488
55519
4549
62959
3789
60713
9824
60809
15247
49554
64659
1378
65053
47768
61868
56679
15682
60251
61444
6172
5966
62300
4792
61157
6166
2209
0597
19655
9210
64049
5769
8053
4776
0285
48514
8541
5483
63542
63676
2291
61046
3773
50660
0766
60636
53307
63692
11280
0194
4618
59132
9026
13122
58455
61550
7954
5898
10519
5198
4074
15666
61368
2323
5556
61444
55800
0376
63593
14182
53956
58917
4095
2474
53973
60976
52526
9051
63063
65035
9768
6452
62372
10138
2329
6703
63259
59539
17242
12785
64952
3547
6733
5113
5679
48513
2705
62445
60830
63088
7472
56971
5046
50822
9305
61871
54853
52998
14134
63600
13793
56082
12922
10121
5351
59367
12947
58084
10838
65337
11989
8565
65265
59604
15752
59309
58870
53492
62181
7288
62712
54309
7194
64469
62085
64578
57967
0919
61728
62111
15597
8520
62401
8982
7675
11400
0779
54462
8911
10594
64884
4940
4118
2012
6186
54591
2840
59927
51925
59294
8928
59603
4191
50655
10611
3886
60937
51038
10383
58957
16490
59283
14557
6656
9135
61171
21414
53785
6250
56143
13594
5640
3659
50774
18738
58709
1705
49679
60495
61233
1314
51997
13075
59860
65146
0757
3941
0167
62571
53636
16387
10106
0220
6044
7930
12076
7788
56922
3584
4028
58793
5656
4033
0090
0888
58035
4576
1745
46533
55111
2488
63566
3539
55226
4770
9965
64790
60407
8458
57090
8466
63774
13621
9257
4533
61747
24191
60810
3483
51518
4917
3241
4820
49095
15222
56830
4697
55585
63588
54986
63388
48473
17271
61014
65002
64230
10741
5205
4355
49392
11819
6821
2511
5947
7385
7089
9947
62063
6036
1683
50148
0465
3069
1234
62141
57179
1439
10961
49069
57602
59907
63244
65360
63857
64984
13594
61147
5832
10884
64388
62848
65379
6107
16476
64088
62598
16598
4281
2299
58393
59266
0272
63402
53339
10418
57934
63251
62854
2212
61056
59418
45280
13308
0654
64892
64311
8902
8212
12027
55050
9298
1881
63592
5734
8772
2759
5992
61908
9875
6574
47878
58624
63545
0224
62053
56996
61138
13058
53521
0382
60250
61775
58099
3189
63462
17943
55071
9087
11987
11210
59088
1986
59413
19754
59306
0880
5592
7589
62322
5614
54777
1814
51164
55930
4712
64980
53235
1031
65516
7696
60976
49299
3881
3973
62266
4349
4490
7453
11489
64141
11956
3600
55701
1529
7844
2288
2113
57203
7279
11329
53332
57221
59435
59449
61750
58567
59638
9373
54045
4864
3885
65044
54820
0661
62316
20943
54820
5816
9000
16798
62889
8039
52672
15715
53817
3221
0296
6784
52612
11668
56136
9469
44894
54794
62110
6618
48090
3911
58048
14178
64496
61149
64786
5814
54785
9787
2673
7821
4138
1765
13352
12608
52968
62684
1705
1156
0817
54832
0180
9249
57851
61803
63205
53858
58628
57346
62868
6861
53643
0150
12373
5138
61668
62612
60791
17041
60139
1556
7455
10823
0496
12604
57892
10258
50027
62993
0874
5258
47016
6722
56814
14917
50687
54927
56424
6596
47462
7323
54691
11891
64162
5166
3588
11079
48373
8993
1485
10227
64443
64424
7824
19172
56522
64363
61752
61777
63529
56190
61408
3841
55336
63825
6603
56055
57755
52923
64552
6766
57481
57906
14261
5198
7447
64530
63972
7799
64335
62051
11826
0704
64884
7803
2905
8146
54406
51528
2163
0972
50284
63406
56357
9526
61723
57808
61005
1511
48048
6531
59982
6931
62405
3450
9909
18333
51312
4761
64716
8835
64935
61700
65408
16039
58575
3975
64081
57936
57936
56020
60984
2268
50429
59082
10863
63035
63361
52469
62766
5256
63063
55208
13494
64443
11708
3302
7568
2553
65528
54106
17239
60432
63687
61389
7335
5618
0820
44286
3782
57830
56631
57488
59985
62261
2537
57378
8762
65200
51767
64755
2742
3144
0407
59630
11089
19155
61742
3461
0382
1224
0897
60405
63012
7676
54768
3193
5866
60148
55698
52854
59591
4213
50227
53616
7246
0227
4453
60253
63034
3139
64105
57008
14714
60295
6120
3044
14108
5908
2421
47397
16368
58914
64560
53288
3509
63791
9371
45502
8858
51196
58536
54054
2088
53639
3431
50335
18739
3032
61367
57913
7880
63971
8434
53022
9290
10602
3073
4057
8673
59598
0308
56542
0204
2519
50591
59431
8786
64165
60817
52554
56742
4191
53691
53793
3074
62518
3540
4181
2545
6297
61373
58067
15215
63822
63934
64759
9654
11194
6361
49216
10405
58518
62506
54806
63742
56221
5831
49127
14431
54937
56870
52060
6210
54491
4182
43899
17035
5622
5657
59658
11167
58676
12655
52846
9680
1299
0369
0115
17643
59364
1047
50774
1012
1471
51977
50090
4864
62135
1537
58347
58018
2229
55409
57011
4659
60663
61650
6363
6192
14936
61793
58582
11149
4670
59989
64725
63441
10473
5092
58292
6283
61129
54290
60739
60727
56731
60374
49590
12025
1516
56573
55645
2934
60054
5205
47174
8312
4785
5491
2085
15283
59092
9355
55054
10271
0628
59126
57283
17080
62688
4731
50167
63402
0274
55832
48461
1270
55155
0290
64173
64678
4102
55896
57536
8894
64606
57083
2360
2541
20118
1311
62512
6289
7169
57462
4363
55679
5566
61199
64003
5200
3896
45889
64667
57304
64653
53111
50128
0178
11052
56630
1475
63844
0059
2170
58506
1869
6208
59913
6815
16285
2369
4027
57829
5329
6975
55301
52944
6856
62166
5094
57321
61308
65001
55752
52054
3025
52550
58524
63418
3632
10514
60276
56573
10337
4036
59637
0609
61576
15343
4104
2125
7226
6818
53674
7523
56375
3275
51714
59898
1793
12505
44952
1677
53235
5129
53370
55566
54845
12196
52219
12884
64773
6537
61646
2524
65104
13963
48947
5139
9162
11501
1642
63966
61867
12135
53491
57130
63000
58320
62072
64698
62240
3684
52861
54557
6071
58455
54400
59538
0089
14023
2211
59332
10574
4907
63653
3806
61203
5996
0541
0514
12290
7986
52370
4007
60215
3668
51940
51721
60730
11964
49758
4860
54601
4103
56765
62324
55119
10101
45552
13662
3687
13533
60358
5414
63417
22038
47703
2729
64112
11046
64866
6537
56991
13316
50087
63261
61742
58274
50153
64688
61055
11463
53626
55999
5574
0934
57040
61125
59339
10073
5115
64454
14009
4532
63756
6187
1859
1701
62011
56071
13050
8814
56935
64016
62821
0813
60508
48146
58343
2034
52551
4666
64394
0421
61061
62887
64375
10677
46009
3974
5777
14311
1554
5053
63082
21853
53887
2921
61334
2168
59096
8211
59199
13641
47952
63060
65320
63462
46181
60285
55100
14107
58680
59877
4609
4407
60746
3241
59611
4623
0671
64599
18126
7685
62529
4253
6541
3268
64318
47016
7047
3993
62057
62195
0815
59575
2306
49198
64845
59184
51859
62249
9842
64297
3189
57708
7607
11709
57046
60147
6556
4505
9131
3815
2696
14293
60000
0960
4199
60092
54454
64571
62258
12851
52631
57597
2780
1165
52669
59678
51234
7764
61782
63760
8498
5188
61114
8885
1082
5462
62024
58309
16018
11567
63740
2340
5532
3918
4491
47330
1529
61275
59666
61929
6320
55825
3906
49688
8177
60749
53738
51889
13031
62504
12703
54998
11844
9050
4286
58308
11895
57038
9799
64304
10963
7545
64252
58598
14752
58316
57883
52512
61207
6321
61752
53356
6247
63529
61151
63652
57047
0006
60822
61212
14705
7634
61522
8110
6810
10542
65464
53617
8074
9764
64061
4123
3309
1210
5391
53803
2059
59153
51158
58535
8176
58858
3453
49924
9888
3170
60228
50336
9689
58269
15810
58610
13891
5997
8485
60527
20778
53156
5629
55529
12987
5041
3068
50189
18161
58139
1143
49124
59948
60694
0782
51472
12558
59350
64644
0263
3455
65224
62099
53172
15931
9657
65315
5610
7504
11658
7378
56519
3189
3641
58413
5284
3668
65270
0539
57694
4242
1419
46215
54801
2185
63271
3252
54946
4498
9701
64534
60159
8217
56857
8241
63557
13412
9055
4340
61561
24013
60639
3320
51363
4770
3102
4688
48971
15106
56722
4597
55492
63504
54910
63320
48412
17218
60969
64964
64201
10720
5191
4349
49394
11828
6839
2536
5980
7427
7138
10004
62128
6109
1763
50237
0562
3173
1346
62260
57306
1574
11104
49220
57761
60074
63418
0007
64047
65182
13800
61361
6054
11113
64625
63093
0096
6367
16745
64363
62882
16889
4580
2605
58707
59588
0602
63740
53684
10771
58295
63620
63230
2596
61447
59817
45687
13723
1076
65322
64749
9347
8665
12487
55518
9774
2364
64082
6232
9277
3273
6513
62437
10411
7118
48429
59182
64110
0797
62634
57584
61734
13661
54132
1000
60875
62407
58739
3836
64116
18605
55740
9763
12671
11901
59786
2691
60126
20474
60033
1615
6334
8338
63078
6377
55547
2592
51948
56722
5511
0250
54048
1851
0807
8529
61817
50147
4736
4834
63135
5224
5372
8342
12385
65043
12865
4516
56624
2459
8780
3231
3064
58160
8243
12300
54309
58205
60426
60446
62753
59577
60654
10396
55074
5900
4927
0557
55875
1722
63384
22018
55900
6903
10093
17898
63995
9151
53790
16840
54948
4358
1439
7933
53767
12829
57303
10642
46073
55979
63301
7815
49293
5120
59263
15399
0187
62381
0488
7059
56034
11043
3935
9088
5411
3043
14636
13897
54263
63985
3011
2468
2134
56155
1508
10582
59190
63147
64555
55213
59988
58711
64238
8236
55024
1535
13764
6534
63069
64018
62202
18457
61560
2982
8885
12258
1936
14049
59343
11713
51487
64457
2343
6732
48494
8204
58301
16409
52184
56428
57929
8106
48976
8842
56214
13419
0158
6702
5128
12624
49921
10546
3042
11788
0472
0457
9397
20749
58103
0412
63341
63370
65126
57791
63012
5449
56947
65441
8222
57678
59381
54553
0650
8403
59121
59550
15909
6849
9101
0652
0097
9463
0466
63722
13499
2381
1028
9486
4591
9835
56098
53223
3861
2672
51988
65112
58067
11238
63438
59526
62725
3234
49773
8259
61713
8664
64141
5188
11650
20076
53057
6509
0930
10587
1154
63456
1631
17800
60338
5740
0312
59705
59707
57793
62759
4045
52207
60862
12645
64819
65147
54256
64555
7046
64855
57002
15289
0704
13506
5101
9368
4355
1795
55911
19045
62239
65495
63199
9145
7429
2632
46099
5597
59646
58448
59306
61803
64080
4357
59199
10583
1486
53589
1042
4566
4969
2232
61456
12915
20981
63568
5287
2209
3051
2725
62233
64840
9504
56596
5022
7695
61976
57527
54682
61419
6041
52055
55444
9073
2054
6280
62080
64860
4964
0395
58832
16539
62118
7943
4866
15930
7730
4241
49216
18187
60732
0842
55105
5325
0070
11184
47315
10669
53007
60346
55862
3895
55445
5236
52138
20541
4832
63166
59710
9676
0230
10228
54814
11080
12390
4860
5842
10457
61380
2089
58321
1981
4294
52364
61202
10555
0395
62582
54316
58503
5949
55447
55547
4826
64268
5287
5926
4287
8038
63111
59803
16947
0017
0126
0948
11377
12914
8078
50931
12117
60227
64212
56510
65443
57919
7525
50819
16119
56622
58552
53739
7887
56164
5852
45566
18699
7283
7314
61312
12818
60323
14298
54486
11316
2932
1998
1741
19266
60983
2662
52385
2620
3075
53577
51687
6457
63724
3122
59928
59595
3802
56978
58576
6220
62220
63203
7912
7736
16476
63329
60114
12676
6193
61507
0703
64950
11979
6593
59788
7775
62616
55773
62217
62200
58200
61838
51049
13479
2966
58018
57085
4369
61485
6631
48595
9727
6196
6896
3486
16679
60483
10740
56434
11646
1998
60490
58643
18434
64037
6075
51506
64735
1601
57154
49777
2581
56461
1590
65468
0431
5385
57174
58808
10160
0330
58339
3610
3785
21356
2543
63739
7509
8384
58671
5566
56876
6757
62384
65182
6373
5063
47049
0286
58453
0259
54247
51259
1302
12170
57742
2581
64943
1152
3257
59586
2943
7276
60974
7869
17334
3410
5063
58858
6351
7991
56311
53947
7852
63156
6077
58297
62278
0428
56708
53003
3968
53486
59454
64340
4548
11423
61178
57469
11226
4917
60512
1477
62437
16197
4951
2966
8059
7644
54493
8335
57181
4073
52505
60682
2569
13275
45715
2432
53983
5870
54104
56292
55565
12908
52924
13582
65464
7220
62322
3192
0230
14617
49593
5779
9794
12126
2259
64576
62470
12730
54078
57710
63573
58885
62630
65248
62782
4219
53389
55077
6584
58960
54897
60028
0572
14498
2678
59792
11026
5351
64090
4236
61624
6410
0947
0912
12681
8369
52746
4375
60575
4021
52285
52058
61059
12286
50072
5166
54900
4393
57048
62599
55387
